20xx,x,7/24/2010,x,WA,SortingLand,0,60
20xx,x,7/24/2010,x,WA,SortingLand,1,80
20xx,x,7/24/2010,x,WA,SortingLand,2,100
20xx,x,7/24/2010,x,WA,SortingLand,3,120
20xx,x,7/24/2010,x,WA,SortingLand,4,140
20xx,x,7/24/2010,x,WA,SortingLand,5,160
20xx,x,7/24/2010,x,WA,SortingLand,6,180
20xx,x,7/24/2010,x,WA,SortingLand,7,200
20xx,x,7/24/2010,x,WA,SortingLand,8,220
20xx,x,7/24/2010,x,WA,SortingLand,9,240
20xx,x,7/24/2010,x,WA,SortingLand,10,260
20xx,x,7/24/2010,x,WA,SortingLand,11,280
20xx,x,7/24/2010,x,WA,SortingLand,12,300
20xx,x,7/24/2010,x,WA,SortingLand,13,320
20xx,x,7/24/2010,x,WA,SortingLand,14,340
20xx,x,7/24/2010,x,WA,SortingLand,15,360
20xx,x,7/24/2010,x,WA,SortingLand,16,380
20xx,x,7/24/2010,x,WA,SortingLand,17,400
20xx,x,7/24/2010,x,WA,SortingLand,18,420
20xx,x,7/24/2010,x,WA,SortingLand,19,440
20xx,x,7/24/2010,x,WA,SortingLand,20,460
20xx,x,7/24/2010,x,WA,SortingLand,21,480
20xx,x,7/24/2010,x,WA,SortingLand,22,500
20xx,x,7/24/2010,x,WA,SortingLand,23,520
20xx,x,7/24/2010,x,WA,SortingLand,24,540
20xx,x,7/24/2010,x,WA,SortingLand,25,560
20xx,x,7/24/2010,x,WA,SortingLand,26,580
20xx,x,7/24/2010,x,WA,SortingLand,27,600
20xx,x,7/24/2010,x,WA,SortingLand,28,620
20xx,x,7/24/2010,x,WA,SortingLand,29,640
20xx,x,7/24/2010,x,WA,SortingLand,30,660
20xx,x,7/24/2010,x,WA,SortingLand,31,680
20xx,x,7/24/2010,x,WA,SortingLand,32,700
20xx,x,7/24/2010,x,WA,SortingLand,33,720
20xx,x,7/24/2010,x,WA,SortingLand,34,740
20xx,x,7/24/2010,x,WA,SortingLand,35,760
20xx,x,7/24/2010,x,WA,SortingLand,36,780
20xx,x,7/24/2010,x,WA,SortingLand,37,800
20xx,x,7/24/2010,x,WA,SortingLand,38,820
20xx,x,7/24/2010,x,WA,SortingLand,39,840
20xx,x,7/24/2010,x,WA,SortingLand,40,860
20xx,x,7/24/2010,x,WA,SortingLand,41,880
20xx,x,7/24/2010,x,WA,SortingLand,42,900
20xx,x,7/24/2010,x,WA,SortingLand,43,920
20xx,x,7/24/2010,x,WA,SortingLand,44,940
20xx,x,7/24/2010,x,WA,SortingLand,45,960
20xx,x,7/24/2010,x,WA,SortingLand,46,980
20xx,x,7/24/2010,x,WA,SortingLand,47,1000
20xx,x,7/24/2010,x,WA,SortingLand,48,1020
20xx,x,7/24/2010,x,WA,SortingLand,49,1040
20xx,x,7/24/2010,x,WA,SortingLand,50,1060
20xx,x,7/24/2010,x,WA,SortingLand,51,1080
20xx,x,7/24/2010,x,WA,SortingLand,52,1100
20xx,x,7/24/2010,x,WA,SortingLand,53,1120
20xx,x,7/24/2010,x,WA,SortingLand,54,1140
20xx,x,7/24/2010,x,WA,SortingLand,55,1160
20xx,x,7/24/2010,x,WA,SortingLand,56,1180
20xx,x,7/24/2010,x,WA,SortingLand,57,1200
20xx,x,7/24/2010,x,WA,SortingLand,58,1220
20xx,x,7/24/2010,x,WA,SortingLand,59,1240
20xx,x,7/24/2010,x,WA,SortingLand,60,1260
20xx,x,7/24/2010,x,WA,SortingLand,61,1280
20xx,x,7/24/2010,x,WA,SortingLand,62,1300
20xx,x,7/24/2010,x,WA,SortingLand,63,1320
20xx,x,7/24/2010,x,WA,SortingLand,64,1340
20xx,x,7/24/2010,x,WA,SortingLand,65,1360
20xx,x,7/24/2010,x,WA,SortingLand,66,1380
20xx,x,7/24/2010,x,WA,SortingLand,67,1400
20xx,x,7/24/2010,x,WA,SortingLand,68,1420
20xx,x,7/24/2010,x,WA,SortingLand,69,1440
20xx,x,7/24/2010,x,WA,SortingLand,70,1460
20xx,x,7/24/2010,x,WA,SortingLand,71,1480
20xx,x,7/24/2010,x,WA,SortingLand,72,1500
20xx,x,7/24/2010,x,WA,SortingLand,73,1520
20xx,x,7/24/2010,x,WA,SortingLand,74,1540
20xx,x,7/24/2010,x,WA,SortingLand,75,1560
20xx,x,7/24/2010,x,WA,SortingLand,76,1580
20xx,x,7/24/2010,x,WA,SortingLand,77,1600
20xx,x,7/24/2010,x,WA,SortingLand,78,1620
20xx,x,7/24/2010,x,WA,SortingLand,79,1640
20xx,x,7/24/2010,x,WA,SortingLand,80,1660
20xx,x,7/24/2010,x,WA,SortingLand,81,1680
20xx,x,7/24/2010,x,WA,SortingLand,82,1700
20xx,x,7/24/2010,x,WA,SortingLand,83,1720
20xx,x,7/24/2010,x,WA,SortingLand,84,1740
20xx,x,7/24/2010,x,WA,SortingLand,85,1760
20xx,x,7/24/2010,x,WA,SortingLand,86,1780
20xx,x,7/24/2010,x,WA,SortingLand,87,1800
20xx,x,7/24/2010,x,WA,SortingLand,88,1820
20xx,x,7/24/2010,x,WA,SortingLand,89,1840
20xx,x,7/24/2010,x,WA,SortingLand,90,1860
20xx,x,7/24/2010,x,WA,SortingLand,91,1880
20xx,x,7/24/2010,x,WA,SortingLand,92,1900
20xx,x,7/24/2010,x,WA,SortingLand,93,1920
20xx,x,7/24/2010,x,WA,SortingLand,94,1940
20xx,x,7/24/2010,x,WA,SortingLand,95,1960
20xx,x,7/24/2010,x,WA,SortingLand,96,1980
20xx,x,7/24/2010,x,WA,SortingLand,97,2000
20xx,x,7/24/2010,x,WA,SortingLand,98,2020
20xx,x,7/24/2010,x,WA,SortingLand,99,2040
20xx,x,7/24/2010,x,WA,SortingLand,100,2060
20xx,x,7/24/2010,x,WA,SortingLand,101,2080
20xx,x,7/24/2010,x,WA,SortingLand,102,2100
20xx,x,7/24/2010,x,WA,SortingLand,103,2120
20xx,x,7/24/2010,x,WA,SortingLand,104,2140
20xx,x,7/24/2010,x,WA,SortingLand,105,2160
20xx,x,7/24/2010,x,WA,SortingLand,106,2180
20xx,x,7/24/2010,x,WA,SortingLand,107,2200
20xx,x,7/24/2010,x,WA,SortingLand,108,2220
20xx,x,7/24/2010,x,WA,SortingLand,109,2240
20xx,x,7/24/2010,x,WA,SortingLand,110,2260
20xx,x,7/24/2010,x,WA,SortingLand,111,2280
20xx,x,7/24/2010,x,WA,SortingLand,112,2300
20xx,x,7/24/2010,x,WA,SortingLand,113,2320
20xx,x,7/24/2010,x,WA,SortingLand,114,2340
20xx,x,7/24/2010,x,WA,SortingLand,115,2360
20xx,x,7/24/2010,x,WA,SortingLand,116,2380
20xx,x,7/24/2010,x,WA,SortingLand,117,2400
20xx,x,7/24/2010,x,WA,SortingLand,118,2420
20xx,x,7/24/2010,x,WA,SortingLand,119,2440
20xx,x,7/24/2010,x,WA,SortingLand,120,2460
20xx,x,7/24/2010,x,WA,SortingLand,121,2480
20xx,x,7/24/2010,x,WA,SortingLand,122,2500
20xx,x,7/24/2010,x,WA,SortingLand,123,2520
20xx,x,7/24/2010,x,WA,SortingLand,124,2540
20xx,x,7/24/2010,x,WA,SortingLand,125,2560
20xx,x,7/24/2010,x,WA,SortingLand,126,2580
20xx,x,7/24/2010,x,WA,SortingLand,127,2600
20xx,x,7/24/2010,x,WA,SortingLand,128,2620
20xx,x,7/24/2010,x,WA,SortingLand,129,2640
20xx,x,7/24/2010,x,WA,SortingLand,130,2660
20xx,x,7/24/2010,x,WA,SortingLand,131,2680
20xx,x,7/24/2010,x,WA,SortingLand,132,2700
20xx,x,7/24/2010,x,WA,SortingLand,133,2720
20xx,x,7/24/2010,x,WA,SortingLand,134,2740
20xx,x,7/24/2010,x,WA,SortingLand,135,2760
20xx,x,7/24/2010,x,WA,SortingLand,136,2780
20xx,x,7/24/2010,x,WA,SortingLand,137,2800
20xx,x,7/24/2010,x,WA,SortingLand,138,2820
20xx,x,7/24/2010,x,WA,SortingLand,139,2840
20xx,x,7/24/2010,x,WA,SortingLand,140,2860
20xx,x,7/24/2010,x,WA,SortingLand,141,2880
20xx,x,7/24/2010,x,WA,SortingLand,142,2900
20xx,x,7/24/2010,x,WA,SortingLand,143,2920
20xx,x,7/24/2010,x,WA,SortingLand,144,2940
20xx,x,7/24/2010,x,WA,SortingLand,145,2960
20xx,x,7/24/2010,x,WA,SortingLand,146,2980
20xx,x,7/24/2010,x,WA,SortingLand,147,3000
20xx,x,7/24/2010,x,WA,SortingLand,148,3020
20xx,x,7/24/2010,x,WA,SortingLand,149,3040
20xx,x,7/24/2010,x,WA,SortingLand,150,3060
20xx,x,7/24/2010,x,WA,SortingLand,151,3080
20xx,x,7/24/2010,x,WA,SortingLand,152,3100
20xx,x,7/24/2010,x,WA,SortingLand,153,3120
20xx,x,7/24/2010,x,WA,SortingLand,154,3140
20xx,x,7/24/2010,x,WA,SortingLand,155,3160
20xx,x,7/24/2010,x,WA,SortingLand,156,3180
20xx,x,7/24/2010,x,WA,SortingLand,157,3200
20xx,x,7/24/2010,x,WA,SortingLand,158,3220
20xx,x,7/24/2010,x,WA,SortingLand,159,3240
20xx,x,7/24/2010,x,WA,SortingLand,160,3260
20xx,x,7/24/2010,x,WA,SortingLand,161,3280
20xx,x,7/24/2010,x,WA,SortingLand,162,3300
20xx,x,7/24/2010,x,WA,SortingLand,163,3320
20xx,x,7/24/2010,x,WA,SortingLand,164,3340
20xx,x,7/24/2010,x,WA,SortingLand,165,3360
20xx,x,7/24/2010,x,WA,SortingLand,166,3380
20xx,x,7/24/2010,x,WA,SortingLand,167,3400
20xx,x,7/24/2010,x,WA,SortingLand,168,3420
20xx,x,7/24/2010,x,WA,SortingLand,169,3440
20xx,x,7/24/2010,x,WA,SortingLand,170,3460
20xx,x,7/24/2010,x,WA,SortingLand,171,3480
20xx,x,7/24/2010,x,WA,SortingLand,172,3500
20xx,x,7/24/2010,x,WA,SortingLand,173,3520
20xx,x,7/24/2010,x,WA,SortingLand,174,3540
20xx,x,7/24/2010,x,WA,SortingLand,175,3560
20xx,x,7/24/2010,x,WA,SortingLand,176,3580
20xx,x,7/24/2010,x,WA,SortingLand,177,3600
20xx,x,7/24/2010,x,WA,SortingLand,178,3620
20xx,x,7/24/2010,x,WA,SortingLand,179,3640
20xx,x,7/24/2010,x,WA,SortingLand,180,3660
20xx,x,7/24/2010,x,WA,SortingLand,181,3680
20xx,x,7/24/2010,x,WA,SortingLand,182,3700
20xx,x,7/24/2010,x,WA,SortingLand,183,3720
20xx,x,7/24/2010,x,WA,SortingLand,184,3740
20xx,x,7/24/2010,x,WA,SortingLand,185,3760
20xx,x,7/24/2010,x,WA,SortingLand,186,3780
20xx,x,7/24/2010,x,WA,SortingLand,187,3800
20xx,x,7/24/2010,x,WA,SortingLand,188,3820
20xx,x,7/24/2010,x,WA,SortingLand,189,3840
20xx,x,7/24/2010,x,WA,SortingLand,190,3860
20xx,x,7/24/2010,x,WA,SortingLand,191,3880
20xx,x,7/24/2010,x,WA,SortingLand,192,3900
20xx,x,7/24/2010,x,WA,SortingLand,193,3920
20xx,x,7/24/2010,x,WA,SortingLand,194,3940
20xx,x,7/24/2010,x,WA,SortingLand,195,3960
20xx,x,7/24/2010,x,WA,SortingLand,196,3980
20xx,x,7/24/2010,x,WA,SortingLand,197,4000
20xx,x,7/24/2010,x,WA,SortingLand,198,4020
20xx,x,7/24/2010,x,WA,SortingLand,199,4040
20xx,x,7/24/2010,x,WA,SortingLand,200,4060
20xx,x,7/24/2010,x,WA,SortingLand,201,4080
20xx,x,7/24/2010,x,WA,SortingLand,202,4100
20xx,x,7/24/2010,x,WA,SortingLand,203,4120
20xx,x,7/24/2010,x,WA,SortingLand,204,4140
20xx,x,7/24/2010,x,WA,SortingLand,205,4160
20xx,x,7/24/2010,x,WA,SortingLand,206,4180
20xx,x,7/24/2010,x,WA,SortingLand,207,4200
20xx,x,7/24/2010,x,WA,SortingLand,208,4220
20xx,x,7/24/2010,x,WA,SortingLand,209,4240
20xx,x,7/24/2010,x,WA,SortingLand,210,4260
20xx,x,7/24/2010,x,WA,SortingLand,211,4280
20xx,x,7/24/2010,x,WA,SortingLand,212,4300
20xx,x,7/24/2010,x,WA,SortingLand,213,4320
20xx,x,7/24/2010,x,WA,SortingLand,214,4340
20xx,x,7/24/2010,x,WA,SortingLand,215,4360
20xx,x,7/24/2010,x,WA,SortingLand,216,4380
20xx,x,7/24/2010,x,WA,SortingLand,217,4400
20xx,x,7/24/2010,x,WA,SortingLand,218,4420
20xx,x,7/24/2010,x,WA,SortingLand,219,4440
20xx,x,7/24/2010,x,WA,SortingLand,220,4460
20xx,x,7/24/2010,x,WA,SortingLand,221,4480
20xx,x,7/24/2010,x,WA,SortingLand,222,4500
20xx,x,7/24/2010,x,WA,SortingLand,223,4520
20xx,x,7/24/2010,x,WA,SortingLand,224,4540
20xx,x,7/24/2010,x,WA,SortingLand,225,4560
20xx,x,7/24/2010,x,WA,SortingLand,226,4580
20xx,x,7/24/2010,x,WA,SortingLand,227,4600
20xx,x,7/24/2010,x,WA,SortingLand,228,4620
20xx,x,7/24/2010,x,WA,SortingLand,229,4640
20xx,x,7/24/2010,x,WA,SortingLand,230,4660
20xx,x,7/24/2010,x,WA,SortingLand,231,4680
20xx,x,7/24/2010,x,WA,SortingLand,232,4700
20xx,x,7/24/2010,x,WA,SortingLand,233,4720
20xx,x,7/24/2010,x,WA,SortingLand,234,4740
20xx,x,7/24/2010,x,WA,SortingLand,235,4760
20xx,x,7/24/2010,x,WA,SortingLand,236,4780
20xx,x,7/24/2010,x,WA,SortingLand,237,4800
20xx,x,7/24/2010,x,WA,SortingLand,238,4820
20xx,x,7/24/2010,x,WA,SortingLand,239,4840
20xx,x,7/24/2010,x,WA,SortingLand,240,4860
20xx,x,7/24/2010,x,WA,SortingLand,241,4880
20xx,x,7/24/2010,x,WA,SortingLand,242,4900
20xx,x,7/24/2010,x,WA,SortingLand,243,4920
20xx,x,7/24/2010,x,WA,SortingLand,244,4940
20xx,x,7/24/2010,x,WA,SortingLand,245,4960
20xx,x,7/24/2010,x,WA,SortingLand,246,4980
20xx,x,7/24/2010,x,WA,SortingLand,247,5000
20xx,x,7/24/2010,x,WA,SortingLand,248,5020
20xx,x,7/24/2010,x,WA,SortingLand,249,5040
20xx,x,7/24/2010,x,WA,SortingLand,250,5060
20xx,x,7/24/2010,x,WA,SortingLand,251,5080
20xx,x,7/24/2010,x,WA,SortingLand,252,5100
20xx,x,7/24/2010,x,WA,SortingLand,253,5120
20xx,x,7/24/2010,x,WA,SortingLand,254,5140
20xx,x,7/24/2010,x,WA,SortingLand,255,5160
20xx,x,7/24/2010,x,WA,SortingLand,256,5180
20xx,x,7/24/2010,x,WA,SortingLand,257,5200
20xx,x,7/24/2010,x,WA,SortingLand,258,5220
20xx,x,7/24/2010,x,WA,SortingLand,259,5240
20xx,x,7/24/2010,x,WA,SortingLand,260,5260
20xx,x,7/24/2010,x,WA,SortingLand,261,5280
20xx,x,7/24/2010,x,WA,SortingLand,262,5300
20xx,x,7/24/2010,x,WA,SortingLand,263,5320
20xx,x,7/24/2010,x,WA,SortingLand,264,5340
20xx,x,7/24/2010,x,WA,SortingLand,265,5360
20xx,x,7/24/2010,x,WA,SortingLand,266,5380
20xx,x,7/24/2010,x,WA,SortingLand,267,5400
20xx,x,7/24/2010,x,WA,SortingLand,268,5420
20xx,x,7/24/2010,x,WA,SortingLand,269,5440
20xx,x,7/24/2010,x,WA,SortingLand,270,5460
20xx,x,7/24/2010,x,WA,SortingLand,271,5480
20xx,x,7/24/2010,x,WA,SortingLand,272,5500
20xx,x,7/24/2010,x,WA,SortingLand,273,5520
20xx,x,7/24/2010,x,WA,SortingLand,274,5540
20xx,x,7/24/2010,x,WA,SortingLand,275,5560
20xx,x,7/24/2010,x,WA,SortingLand,276,5580
20xx,x,7/24/2010,x,WA,SortingLand,277,5600
20xx,x,7/24/2010,x,WA,SortingLand,278,5620
20xx,x,7/24/2010,x,WA,SortingLand,279,5640
20xx,x,7/24/2010,x,WA,SortingLand,280,5660
20xx,x,7/24/2010,x,WA,SortingLand,281,5680
20xx,x,7/24/2010,x,WA,SortingLand,282,5700
20xx,x,7/24/2010,x,WA,SortingLand,283,5720
20xx,x,7/24/2010,x,WA,SortingLand,284,5740
20xx,x,7/24/2010,x,WA,SortingLand,285,5760
20xx,x,7/24/2010,x,WA,SortingLand,286,5780
20xx,x,7/24/2010,x,WA,SortingLand,287,5800
20xx,x,7/24/2010,x,WA,SortingLand,288,5820
20xx,x,7/24/2010,x,WA,SortingLand,289,5840
20xx,x,7/24/2010,x,WA,SortingLand,290,5860
20xx,x,7/24/2010,x,WA,SortingLand,291,5880
20xx,x,7/24/2010,x,WA,SortingLand,292,5900
20xx,x,7/24/2010,x,WA,SortingLand,293,5920
20xx,x,7/24/2010,x,WA,SortingLand,294,5940
20xx,x,7/24/2010,x,WA,SortingLand,295,5960
20xx,x,7/24/2010,x,WA,SortingLand,296,5980
20xx,x,7/24/2010,x,WA,SortingLand,297,6000
20xx,x,7/24/2010,x,WA,SortingLand,298,6020
20xx,x,7/24/2010,x,WA,SortingLand,299,6040
20xx,x,7/24/2010,x,WA,SortingLand,300,6060
20xx,x,7/24/2010,x,WA,SortingLand,301,6080
20xx,x,7/24/2010,x,WA,SortingLand,302,6100
20xx,x,7/24/2010,x,WA,SortingLand,303,6120
20xx,x,7/24/2010,x,WA,SortingLand,304,6140
20xx,x,7/24/2010,x,WA,SortingLand,305,6160
20xx,x,7/24/2010,x,WA,SortingLand,306,6180
20xx,x,7/24/2010,x,WA,SortingLand,307,6200
20xx,x,7/24/2010,x,WA,SortingLand,308,6220
20xx,x,7/24/2010,x,WA,SortingLand,309,6240
20xx,x,7/24/2010,x,WA,SortingLand,310,6260
20xx,x,7/24/2010,x,WA,SortingLand,311,6280
20xx,x,7/24/2010,x,WA,SortingLand,312,6300
20xx,x,7/24/2010,x,WA,SortingLand,313,6320
20xx,x,7/24/2010,x,WA,SortingLand,314,6340
20xx,x,7/24/2010,x,WA,SortingLand,315,6360
20xx,x,7/24/2010,x,WA,SortingLand,316,6380
20xx,x,7/24/2010,x,WA,SortingLand,317,6400
20xx,x,7/24/2010,x,WA,SortingLand,318,6420
20xx,x,7/24/2010,x,WA,SortingLand,319,6440
20xx,x,7/24/2010,x,WA,SortingLand,320,6460
20xx,x,7/24/2010,x,WA,SortingLand,321,6480
20xx,x,7/24/2010,x,WA,SortingLand,322,6500
20xx,x,7/24/2010,x,WA,SortingLand,323,6520
20xx,x,7/24/2010,x,WA,SortingLand,324,6540
20xx,x,7/24/2010,x,WA,SortingLand,325,6560
20xx,x,7/24/2010,x,WA,SortingLand,326,6580
20xx,x,7/24/2010,x,WA,SortingLand,327,6600
20xx,x,7/24/2010,x,WA,SortingLand,328,6620
20xx,x,7/24/2010,x,WA,SortingLand,329,6640
20xx,x,7/24/2010,x,WA,SortingLand,330,6660
20xx,x,7/24/2010,x,WA,SortingLand,331,6680
20xx,x,7/24/2010,x,WA,SortingLand,332,6700
20xx,x,7/24/2010,x,WA,SortingLand,333,6720
20xx,x,7/24/2010,x,WA,SortingLand,334,6740
20xx,x,7/24/2010,x,WA,SortingLand,335,6760
20xx,x,7/24/2010,x,WA,SortingLand,336,6780
20xx,x,7/24/2010,x,WA,SortingLand,337,6800
20xx,x,7/24/2010,x,WA,SortingLand,338,6820
20xx,x,7/24/2010,x,WA,SortingLand,339,6840
20xx,x,7/24/2010,x,WA,SortingLand,340,6860
20xx,x,7/24/2010,x,WA,SortingLand,341,6880
20xx,x,7/24/2010,x,WA,SortingLand,342,6900
20xx,x,7/24/2010,x,WA,SortingLand,343,6920
20xx,x,7/24/2010,x,WA,SortingLand,344,6940
20xx,x,7/24/2010,x,WA,SortingLand,345,6960
20xx,x,7/24/2010,x,WA,SortingLand,346,6980
20xx,x,7/24/2010,x,WA,SortingLand,347,7000
20xx,x,7/24/2010,x,WA,SortingLand,348,7020
20xx,x,7/24/2010,x,WA,SortingLand,349,7040
20xx,x,7/24/2010,x,WA,SortingLand,350,7060
20xx,x,7/24/2010,x,WA,SortingLand,351,7080
20xx,x,7/24/2010,x,WA,SortingLand,352,7100
20xx,x,7/24/2010,x,WA,SortingLand,353,7120
20xx,x,7/24/2010,x,WA,SortingLand,354,7140
20xx,x,7/24/2010,x,WA,SortingLand,355,7160
20xx,x,7/24/2010,x,WA,SortingLand,356,7180
20xx,x,7/24/2010,x,WA,SortingLand,357,7200
20xx,x,7/24/2010,x,WA,SortingLand,358,7220
20xx,x,7/24/2010,x,WA,SortingLand,359,7240
20xx,x,7/24/2010,x,WA,SortingLand,360,7260
20xx,x,7/24/2010,x,WA,SortingLand,361,7280
20xx,x,7/24/2010,x,WA,SortingLand,362,7300
20xx,x,7/24/2010,x,WA,SortingLand,363,7320
20xx,x,7/24/2010,x,WA,SortingLand,364,7340
20xx,x,7/24/2010,x,WA,SortingLand,365,7360
20xx,x,7/24/2010,x,WA,SortingLand,366,7380
20xx,x,7/24/2010,x,WA,SortingLand,367,7400
20xx,x,7/24/2010,x,WA,SortingLand,368,7420
20xx,x,7/24/2010,x,WA,SortingLand,369,7440
20xx,x,7/24/2010,x,WA,SortingLand,370,7460
20xx,x,7/24/2010,x,WA,SortingLand,371,7480
20xx,x,7/24/2010,x,WA,SortingLand,372,7500
20xx,x,7/24/2010,x,WA,SortingLand,373,7520
20xx,x,7/24/2010,x,WA,SortingLand,374,7540
20xx,x,7/24/2010,x,WA,SortingLand,375,7560
20xx,x,7/24/2010,x,WA,SortingLand,376,7580
20xx,x,7/24/2010,x,WA,SortingLand,377,7600
20xx,x,7/24/2010,x,WA,SortingLand,378,7620
20xx,x,7/24/2010,x,WA,SortingLand,379,7640
20xx,x,7/24/2010,x,WA,SortingLand,380,7660
20xx,x,7/24/2010,x,WA,SortingLand,381,7680
20xx,x,7/24/2010,x,WA,SortingLand,382,7700
20xx,x,7/24/2010,x,WA,SortingLand,383,7720
20xx,x,7/24/2010,x,WA,SortingLand,384,7740
20xx,x,7/24/2010,x,WA,SortingLand,385,7760
20xx,x,7/24/2010,x,WA,SortingLand,386,7780
20xx,x,7/24/2010,x,WA,SortingLand,387,7800
20xx,x,7/24/2010,x,WA,SortingLand,388,7820
20xx,x,7/24/2010,x,WA,SortingLand,389,7840
20xx,x,7/24/2010,x,WA,SortingLand,390,7860
20xx,x,7/24/2010,x,WA,SortingLand,391,7880
20xx,x,7/24/2010,x,WA,SortingLand,392,7900
20xx,x,7/24/2010,x,WA,SortingLand,393,7920
20xx,x,7/24/2010,x,WA,SortingLand,394,7940
20xx,x,7/24/2010,x,WA,SortingLand,395,7960
20xx,x,7/24/2010,x,WA,SortingLand,396,7980
20xx,x,7/24/2010,x,WA,SortingLand,397,8000
20xx,x,7/24/2010,x,WA,SortingLand,398,8020
20xx,x,7/24/2010,x,WA,SortingLand,399,8040
20xx,x,7/24/2010,x,WA,SortingLand,400,8060
20xx,x,7/24/2010,x,WA,SortingLand,401,8080
20xx,x,7/24/2010,x,WA,SortingLand,402,8100
20xx,x,7/24/2010,x,WA,SortingLand,403,8120
20xx,x,7/24/2010,x,WA,SortingLand,404,8140
20xx,x,7/24/2010,x,WA,SortingLand,405,8160
20xx,x,7/24/2010,x,WA,SortingLand,406,8180
20xx,x,7/24/2010,x,WA,SortingLand,407,8200
20xx,x,7/24/2010,x,WA,SortingLand,408,8220
20xx,x,7/24/2010,x,WA,SortingLand,409,8240
20xx,x,7/24/2010,x,WA,SortingLand,410,8260
20xx,x,7/24/2010,x,WA,SortingLand,411,8280
20xx,x,7/24/2010,x,WA,SortingLand,412,8300
20xx,x,7/24/2010,x,WA,SortingLand,413,8320
20xx,x,7/24/2010,x,WA,SortingLand,414,8340
20xx,x,7/24/2010,x,WA,SortingLand,415,8360
20xx,x,7/24/2010,x,WA,SortingLand,416,8380
20xx,x,7/24/2010,x,WA,SortingLand,417,8400
20xx,x,7/24/2010,x,WA,SortingLand,418,8420
20xx,x,7/24/2010,x,WA,SortingLand,419,8440
20xx,x,7/24/2010,x,WA,SortingLand,420,8460
20xx,x,7/24/2010,x,WA,SortingLand,421,8480
20xx,x,7/24/2010,x,WA,SortingLand,422,8500
20xx,x,7/24/2010,x,WA,SortingLand,423,8520
20xx,x,7/24/2010,x,WA,SortingLand,424,8540
20xx,x,7/24/2010,x,WA,SortingLand,425,8560
20xx,x,7/24/2010,x,WA,SortingLand,426,8580
20xx,x,7/24/2010,x,WA,SortingLand,427,8600
20xx,x,7/24/2010,x,WA,SortingLand,428,8620
20xx,x,7/24/2010,x,WA,SortingLand,429,8640
20xx,x,7/24/2010,x,WA,SortingLand,430,8660
20xx,x,7/24/2010,x,WA,SortingLand,431,8680
20xx,x,7/24/2010,x,WA,SortingLand,432,8700
20xx,x,7/24/2010,x,WA,SortingLand,433,8720
20xx,x,7/24/2010,x,WA,SortingLand,434,8740
20xx,x,7/24/2010,x,WA,SortingLand,435,8760
20xx,x,7/24/2010,x,WA,SortingLand,436,8780
20xx,x,7/24/2010,x,WA,SortingLand,437,8800
20xx,x,7/24/2010,x,WA,SortingLand,438,8820
20xx,x,7/24/2010,x,WA,SortingLand,439,8840
20xx,x,7/24/2010,x,WA,SortingLand,440,8860
20xx,x,7/24/2010,x,WA,SortingLand,441,8880
20xx,x,7/24/2010,x,WA,SortingLand,442,8900
20xx,x,7/24/2010,x,WA,SortingLand,443,8920
20xx,x,7/24/2010,x,WA,SortingLand,444,8940
20xx,x,7/24/2010,x,WA,SortingLand,445,8960
20xx,x,7/24/2010,x,WA,SortingLand,446,8980
20xx,x,7/24/2010,x,WA,SortingLand,447,9000
20xx,x,7/24/2010,x,WA,SortingLand,448,9020
20xx,x,7/24/2010,x,WA,SortingLand,449,9040
20xx,x,7/24/2010,x,WA,SortingLand,450,9060
20xx,x,7/24/2010,x,WA,SortingLand,451,9080
20xx,x,7/24/2010,x,WA,SortingLand,452,9100
20xx,x,7/24/2010,x,WA,SortingLand,453,9120
20xx,x,7/24/2010,x,WA,SortingLand,454,9140
20xx,x,7/24/2010,x,WA,SortingLand,455,9160
20xx,x,7/24/2010,x,WA,SortingLand,456,9180
20xx,x,7/24/2010,x,WA,SortingLand,457,9200
20xx,x,7/24/2010,x,WA,SortingLand,458,9220
20xx,x,7/24/2010,x,WA,SortingLand,459,9240
20xx,x,7/24/2010,x,WA,SortingLand,460,9260
20xx,x,7/24/2010,x,WA,SortingLand,461,9280
20xx,x,7/24/2010,x,WA,SortingLand,462,9300
20xx,x,7/24/2010,x,WA,SortingLand,463,9320
20xx,x,7/24/2010,x,WA,SortingLand,464,9340
20xx,x,7/24/2010,x,WA,SortingLand,465,9360
20xx,x,7/24/2010,x,WA,SortingLand,466,9380
20xx,x,7/24/2010,x,WA,SortingLand,467,9400
20xx,x,7/24/2010,x,WA,SortingLand,468,9420
20xx,x,7/24/2010,x,WA,SortingLand,469,9440
20xx,x,7/24/2010,x,WA,SortingLand,470,9460
20xx,x,7/24/2010,x,WA,SortingLand,471,9480
20xx,x,7/24/2010,x,WA,SortingLand,472,9500
20xx,x,7/24/2010,x,WA,SortingLand,473,9520
20xx,x,7/24/2010,x,WA,SortingLand,474,9540
20xx,x,7/24/2010,x,WA,SortingLand,475,9560
20xx,x,7/24/2010,x,WA,SortingLand,476,9580
20xx,x,7/24/2010,x,WA,SortingLand,477,9600
20xx,x,7/24/2010,x,WA,SortingLand,478,9620
20xx,x,7/24/2010,x,WA,SortingLand,479,9640
20xx,x,7/24/2010,x,WA,SortingLand,480,9660
20xx,x,7/24/2010,x,WA,SortingLand,481,9680
20xx,x,7/24/2010,x,WA,SortingLand,482,9700
20xx,x,7/24/2010,x,WA,SortingLand,483,9720
20xx,x,7/24/2010,x,WA,SortingLand,484,9740
20xx,x,7/24/2010,x,WA,SortingLand,485,9760
20xx,x,7/24/2010,x,WA,SortingLand,486,9780
20xx,x,7/24/2010,x,WA,SortingLand,487,9800
20xx,x,7/24/2010,x,WA,SortingLand,488,9820
20xx,x,7/24/2010,x,WA,SortingLand,489,9840
20xx,x,7/24/2010,x,WA,SortingLand,490,9860
20xx,x,7/24/2010,x,WA,SortingLand,491,9880
20xx,x,7/24/2010,x,WA,SortingLand,492,9900
20xx,x,7/24/2010,x,WA,SortingLand,493,9920
20xx,x,7/24/2010,x,WA,SortingLand,494,9940
20xx,x,7/24/2010,x,WA,SortingLand,495,9960
20xx,x,7/24/2010,x,WA,SortingLand,496,9980
20xx,x,7/24/2010,x,WA,SortingLand,497,10000
20xx,x,7/24/2010,x,WA,SortingLand,498,10020
20xx,x,7/24/2010,x,WA,SortingLand,499,10040
20xx,x,7/24/2010,x,WA,SortingLand,500,10060
20xx,x,7/24/2010,x,WA,SortingLand,501,10080
20xx,x,7/24/2010,x,WA,SortingLand,502,10100
20xx,x,7/24/2010,x,WA,SortingLand,503,10120
20xx,x,7/24/2010,x,WA,SortingLand,504,10140
20xx,x,7/24/2010,x,WA,SortingLand,505,10160
20xx,x,7/24/2010,x,WA,SortingLand,506,10180
20xx,x,7/24/2010,x,WA,SortingLand,507,10200
20xx,x,7/24/2010,x,WA,SortingLand,508,10220
20xx,x,7/24/2010,x,WA,SortingLand,509,10240
20xx,x,7/24/2010,x,WA,SortingLand,510,10260
20xx,x,7/24/2010,x,WA,SortingLand,511,10280
20xx,x,7/24/2010,x,WA,SortingLand,512,10300
20xx,x,7/24/2010,x,WA,SortingLand,513,10320
20xx,x,7/24/2010,x,WA,SortingLand,514,10340
20xx,x,7/24/2010,x,WA,SortingLand,515,10360
20xx,x,7/24/2010,x,WA,SortingLand,516,10380
20xx,x,7/24/2010,x,WA,SortingLand,517,10400
20xx,x,7/24/2010,x,WA,SortingLand,518,10420
20xx,x,7/24/2010,x,WA,SortingLand,519,10440
20xx,x,7/24/2010,x,WA,SortingLand,520,10460
20xx,x,7/24/2010,x,WA,SortingLand,521,10480
20xx,x,7/24/2010,x,WA,SortingLand,522,10500
20xx,x,7/24/2010,x,WA,SortingLand,523,10520
20xx,x,7/24/2010,x,WA,SortingLand,524,10540
20xx,x,7/24/2010,x,WA,SortingLand,525,10560
20xx,x,7/24/2010,x,WA,SortingLand,526,10580
20xx,x,7/24/2010,x,WA,SortingLand,527,10600
20xx,x,7/24/2010,x,WA,SortingLand,528,10620
20xx,x,7/24/2010,x,WA,SortingLand,529,10640
20xx,x,7/24/2010,x,WA,SortingLand,530,10660
20xx,x,7/24/2010,x,WA,SortingLand,531,10680
20xx,x,7/24/2010,x,WA,SortingLand,532,10700
20xx,x,7/24/2010,x,WA,SortingLand,533,10720
20xx,x,7/24/2010,x,WA,SortingLand,534,10740
20xx,x,7/24/2010,x,WA,SortingLand,535,10760
20xx,x,7/24/2010,x,WA,SortingLand,536,10780
20xx,x,7/24/2010,x,WA,SortingLand,537,10800
20xx,x,7/24/2010,x,WA,SortingLand,538,10820
20xx,x,7/24/2010,x,WA,SortingLand,539,10840
20xx,x,7/24/2010,x,WA,SortingLand,540,10860
20xx,x,7/24/2010,x,WA,SortingLand,541,10880
20xx,x,7/24/2010,x,WA,SortingLand,542,10900
20xx,x,7/24/2010,x,WA,SortingLand,543,10920
20xx,x,7/24/2010,x,WA,SortingLand,544,10940
20xx,x,7/24/2010,x,WA,SortingLand,545,10960
20xx,x,7/24/2010,x,WA,SortingLand,546,10980
20xx,x,7/24/2010,x,WA,SortingLand,547,11000
20xx,x,7/24/2010,x,WA,SortingLand,548,11020
20xx,x,7/24/2010,x,WA,SortingLand,549,11040
20xx,x,7/24/2010,x,WA,SortingLand,550,11060
20xx,x,7/24/2010,x,WA,SortingLand,551,11080
20xx,x,7/24/2010,x,WA,SortingLand,552,11100
20xx,x,7/24/2010,x,WA,SortingLand,553,11120
20xx,x,7/24/2010,x,WA,SortingLand,554,11140
20xx,x,7/24/2010,x,WA,SortingLand,555,11160
20xx,x,7/24/2010,x,WA,SortingLand,556,11180
20xx,x,7/24/2010,x,WA,SortingLand,557,11200
20xx,x,7/24/2010,x,WA,SortingLand,558,11220
20xx,x,7/24/2010,x,WA,SortingLand,559,11240
20xx,x,7/24/2010,x,WA,SortingLand,560,11260
20xx,x,7/24/2010,x,WA,SortingLand,561,11280
20xx,x,7/24/2010,x,WA,SortingLand,562,11300
20xx,x,7/24/2010,x,WA,SortingLand,563,11320
20xx,x,7/24/2010,x,WA,SortingLand,564,11340
20xx,x,7/24/2010,x,WA,SortingLand,565,11360
20xx,x,7/24/2010,x,WA,SortingLand,566,11380
20xx,x,7/24/2010,x,WA,SortingLand,567,11400
20xx,x,7/24/2010,x,WA,SortingLand,568,11420
20xx,x,7/24/2010,x,WA,SortingLand,569,11440
20xx,x,7/24/2010,x,WA,SortingLand,570,11460
20xx,x,7/24/2010,x,WA,SortingLand,571,11480
20xx,x,7/24/2010,x,WA,SortingLand,572,11500
20xx,x,7/24/2010,x,WA,SortingLand,573,11520
20xx,x,7/24/2010,x,WA,SortingLand,574,11540
20xx,x,7/24/2010,x,WA,SortingLand,575,11560
20xx,x,7/24/2010,x,WA,SortingLand,576,11580
20xx,x,7/24/2010,x,WA,SortingLand,577,11600
20xx,x,7/24/2010,x,WA,SortingLand,578,11620
20xx,x,7/24/2010,x,WA,SortingLand,579,11640
20xx,x,7/24/2010,x,WA,SortingLand,580,11660
20xx,x,7/24/2010,x,WA,SortingLand,581,11680
20xx,x,7/24/2010,x,WA,SortingLand,582,11700
20xx,x,7/24/2010,x,WA,SortingLand,583,11720
20xx,x,7/24/2010,x,WA,SortingLand,584,11740
20xx,x,7/24/2010,x,WA,SortingLand,585,11760
20xx,x,7/24/2010,x,WA,SortingLand,586,11780
20xx,x,7/24/2010,x,WA,SortingLand,587,11800
20xx,x,7/24/2010,x,WA,SortingLand,588,11820
20xx,x,7/24/2010,x,WA,SortingLand,589,11840
20xx,x,7/24/2010,x,WA,SortingLand,590,11860
20xx,x,7/24/2010,x,WA,SortingLand,591,11880
20xx,x,7/24/2010,x,WA,SortingLand,592,11900
20xx,x,7/24/2010,x,WA,SortingLand,593,11920
20xx,x,7/24/2010,x,WA,SortingLand,594,11940
20xx,x,7/24/2010,x,WA,SortingLand,595,11960
20xx,x,7/24/2010,x,WA,SortingLand,596,11980
20xx,x,7/24/2010,x,WA,SortingLand,597,12000
20xx,x,7/24/2010,x,WA,SortingLand,598,12020
20xx,x,7/24/2010,x,WA,SortingLand,599,12040
20xx,x,7/24/2010,x,WA,SortingLand,600,12060
20xx,x,7/24/2010,x,WA,SortingLand,601,12080
20xx,x,7/24/2010,x,WA,SortingLand,602,12100
20xx,x,7/24/2010,x,WA,SortingLand,603,12120
20xx,x,7/24/2010,x,WA,SortingLand,604,12140
20xx,x,7/24/2010,x,WA,SortingLand,605,12160
20xx,x,7/24/2010,x,WA,SortingLand,606,12180
20xx,x,7/24/2010,x,WA,SortingLand,607,12200
20xx,x,7/24/2010,x,WA,SortingLand,608,12220
20xx,x,7/24/2010,x,WA,SortingLand,609,12240
20xx,x,7/24/2010,x,WA,SortingLand,610,12260
20xx,x,7/24/2010,x,WA,SortingLand,611,12280
20xx,x,7/24/2010,x,WA,SortingLand,612,12300
20xx,x,7/24/2010,x,WA,SortingLand,613,12320
20xx,x,7/24/2010,x,WA,SortingLand,614,12340
20xx,x,7/24/2010,x,WA,SortingLand,615,12360
20xx,x,7/24/2010,x,WA,SortingLand,616,12380
20xx,x,7/24/2010,x,WA,SortingLand,617,12400
20xx,x,7/24/2010,x,WA,SortingLand,618,12420
20xx,x,7/24/2010,x,WA,SortingLand,619,12440
20xx,x,7/24/2010,x,WA,SortingLand,620,12460
20xx,x,7/24/2010,x,WA,SortingLand,621,12480
20xx,x,7/24/2010,x,WA,SortingLand,622,12500
20xx,x,7/24/2010,x,WA,SortingLand,623,12520
20xx,x,7/24/2010,x,WA,SortingLand,624,12540
20xx,x,7/24/2010,x,WA,SortingLand,625,12560
20xx,x,7/24/2010,x,WA,SortingLand,626,12580
20xx,x,7/24/2010,x,WA,SortingLand,627,12600
20xx,x,7/24/2010,x,WA,SortingLand,628,12620
20xx,x,7/24/2010,x,WA,SortingLand,629,12640
20xx,x,7/24/2010,x,WA,SortingLand,630,12660
20xx,x,7/24/2010,x,WA,SortingLand,631,12680
20xx,x,7/24/2010,x,WA,SortingLand,632,12700
20xx,x,7/24/2010,x,WA,SortingLand,633,12720
20xx,x,7/24/2010,x,WA,SortingLand,634,12740
20xx,x,7/24/2010,x,WA,SortingLand,635,12760
20xx,x,7/24/2010,x,WA,SortingLand,636,12780
20xx,x,7/24/2010,x,WA,SortingLand,637,12800
20xx,x,7/24/2010,x,WA,SortingLand,638,12820
20xx,x,7/24/2010,x,WA,SortingLand,639,12840
20xx,x,7/24/2010,x,WA,SortingLand,640,12860
20xx,x,7/24/2010,x,WA,SortingLand,641,12880
20xx,x,7/24/2010,x,WA,SortingLand,642,12900
20xx,x,7/24/2010,x,WA,SortingLand,643,12920
20xx,x,7/24/2010,x,WA,SortingLand,644,12940
20xx,x,7/24/2010,x,WA,SortingLand,645,12960
20xx,x,7/24/2010,x,WA,SortingLand,646,12980
20xx,x,7/24/2010,x,WA,SortingLand,647,13000
20xx,x,7/24/2010,x,WA,SortingLand,648,13020
20xx,x,7/24/2010,x,WA,SortingLand,649,13040
20xx,x,7/24/2010,x,WA,SortingLand,650,13060
20xx,x,7/24/2010,x,WA,SortingLand,651,13080
20xx,x,7/24/2010,x,WA,SortingLand,652,13100
20xx,x,7/24/2010,x,WA,SortingLand,653,13120
20xx,x,7/24/2010,x,WA,SortingLand,654,13140
20xx,x,7/24/2010,x,WA,SortingLand,655,13160
20xx,x,7/24/2010,x,WA,SortingLand,656,13180
20xx,x,7/24/2010,x,WA,SortingLand,657,13200
20xx,x,7/24/2010,x,WA,SortingLand,658,13220
20xx,x,7/24/2010,x,WA,SortingLand,659,13240
20xx,x,7/24/2010,x,WA,SortingLand,660,13260
20xx,x,7/24/2010,x,WA,SortingLand,661,13280
20xx,x,7/24/2010,x,WA,SortingLand,662,13300
20xx,x,7/24/2010,x,WA,SortingLand,663,13320
20xx,x,7/24/2010,x,WA,SortingLand,664,13340
20xx,x,7/24/2010,x,WA,SortingLand,665,13360
20xx,x,7/24/2010,x,WA,SortingLand,666,13380
20xx,x,7/24/2010,x,WA,SortingLand,667,13400
20xx,x,7/24/2010,x,WA,SortingLand,668,13420
20xx,x,7/24/2010,x,WA,SortingLand,669,13440
20xx,x,7/24/2010,x,WA,SortingLand,670,13460
20xx,x,7/24/2010,x,WA,SortingLand,671,13480
20xx,x,7/24/2010,x,WA,SortingLand,672,13500
20xx,x,7/24/2010,x,WA,SortingLand,673,13520
20xx,x,7/24/2010,x,WA,SortingLand,674,13540
20xx,x,7/24/2010,x,WA,SortingLand,675,13560
20xx,x,7/24/2010,x,WA,SortingLand,676,13580
20xx,x,7/24/2010,x,WA,SortingLand,677,13600
20xx,x,7/24/2010,x,WA,SortingLand,678,13620
20xx,x,7/24/2010,x,WA,SortingLand,679,13640
20xx,x,7/24/2010,x,WA,SortingLand,680,13660
20xx,x,7/24/2010,x,WA,SortingLand,681,13680
20xx,x,7/24/2010,x,WA,SortingLand,682,13700
20xx,x,7/24/2010,x,WA,SortingLand,683,13720
20xx,x,7/24/2010,x,WA,SortingLand,684,13740
20xx,x,7/24/2010,x,WA,SortingLand,685,13760
20xx,x,7/24/2010,x,WA,SortingLand,686,13780
20xx,x,7/24/2010,x,WA,SortingLand,687,13800
20xx,x,7/24/2010,x,WA,SortingLand,688,13820
20xx,x,7/24/2010,x,WA,SortingLand,689,13840
20xx,x,7/24/2010,x,WA,SortingLand,690,13860
20xx,x,7/24/2010,x,WA,SortingLand,691,13880
20xx,x,7/24/2010,x,WA,SortingLand,692,13900
20xx,x,7/24/2010,x,WA,SortingLand,693,13920
20xx,x,7/24/2010,x,WA,SortingLand,694,13940
20xx,x,7/24/2010,x,WA,SortingLand,695,13960
20xx,x,7/24/2010,x,WA,SortingLand,696,13980
20xx,x,7/24/2010,x,WA,SortingLand,697,14000
20xx,x,7/24/2010,x,WA,SortingLand,698,14020
20xx,x,7/24/2010,x,WA,SortingLand,699,14040
20xx,x,7/24/2010,x,WA,SortingLand,700,14060
20xx,x,7/24/2010,x,WA,SortingLand,701,14080
20xx,x,7/24/2010,x,WA,SortingLand,702,14100
20xx,x,7/24/2010,x,WA,SortingLand,703,14120
20xx,x,7/24/2010,x,WA,SortingLand,704,14140
20xx,x,7/24/2010,x,WA,SortingLand,705,14160
20xx,x,7/24/2010,x,WA,SortingLand,706,14180
20xx,x,7/24/2010,x,WA,SortingLand,707,14200
20xx,x,7/24/2010,x,WA,SortingLand,708,14220
20xx,x,7/24/2010,x,WA,SortingLand,709,14240
20xx,x,7/24/2010,x,WA,SortingLand,710,14260
20xx,x,7/24/2010,x,WA,SortingLand,711,14280
20xx,x,7/24/2010,x,WA,SortingLand,712,14300
20xx,x,7/24/2010,x,WA,SortingLand,713,14320
20xx,x,7/24/2010,x,WA,SortingLand,714,14340
20xx,x,7/24/2010,x,WA,SortingLand,715,14360
20xx,x,7/24/2010,x,WA,SortingLand,716,14380
20xx,x,7/24/2010,x,WA,SortingLand,717,14400
20xx,x,7/24/2010,x,WA,SortingLand,718,14420
20xx,x,7/24/2010,x,WA,SortingLand,719,14440
20xx,x,7/24/2010,x,WA,SortingLand,720,14460
20xx,x,7/24/2010,x,WA,SortingLand,721,14480
20xx,x,7/24/2010,x,WA,SortingLand,722,14500
20xx,x,7/24/2010,x,WA,SortingLand,723,14520
20xx,x,7/24/2010,x,WA,SortingLand,724,14540
20xx,x,7/24/2010,x,WA,SortingLand,725,14560
20xx,x,7/24/2010,x,WA,SortingLand,726,14580
20xx,x,7/24/2010,x,WA,SortingLand,727,14600
20xx,x,7/24/2010,x,WA,SortingLand,728,14620
20xx,x,7/24/2010,x,WA,SortingLand,729,14640
20xx,x,7/24/2010,x,WA,SortingLand,730,14660
20xx,x,7/24/2010,x,WA,SortingLand,731,14680
20xx,x,7/24/2010,x,WA,SortingLand,732,14700
20xx,x,7/24/2010,x,WA,SortingLand,733,14720
20xx,x,7/24/2010,x,WA,SortingLand,734,14740
20xx,x,7/24/2010,x,WA,SortingLand,735,14760
20xx,x,7/24/2010,x,WA,SortingLand,736,14780
20xx,x,7/24/2010,x,WA,SortingLand,737,14800
20xx,x,7/24/2010,x,WA,SortingLand,738,14820
20xx,x,7/24/2010,x,WA,SortingLand,739,14840
20xx,x,7/24/2010,x,WA,SortingLand,740,14860
20xx,x,7/24/2010,x,WA,SortingLand,741,14880
20xx,x,7/24/2010,x,WA,SortingLand,742,14900
20xx,x,7/24/2010,x,WA,SortingLand,743,14920
20xx,x,7/24/2010,x,WA,SortingLand,744,14940
20xx,x,7/24/2010,x,WA,SortingLand,745,14960
20xx,x,7/24/2010,x,WA,SortingLand,746,14980
20xx,x,7/24/2010,x,WA,SortingLand,747,15000
20xx,x,7/24/2010,x,WA,SortingLand,748,15020
20xx,x,7/24/2010,x,WA,SortingLand,749,15040
20xx,x,7/24/2010,x,WA,SortingLand,750,15060
20xx,x,7/24/2010,x,WA,SortingLand,751,15080
20xx,x,7/24/2010,x,WA,SortingLand,752,15100
20xx,x,7/24/2010,x,WA,SortingLand,753,15120
20xx,x,7/24/2010,x,WA,SortingLand,754,15140
20xx,x,7/24/2010,x,WA,SortingLand,755,15160
20xx,x,7/24/2010,x,WA,SortingLand,756,15180
20xx,x,7/24/2010,x,WA,SortingLand,757,15200
20xx,x,7/24/2010,x,WA,SortingLand,758,15220
20xx,x,7/24/2010,x,WA,SortingLand,759,15240
20xx,x,7/24/2010,x,WA,SortingLand,760,15260
20xx,x,7/24/2010,x,WA,SortingLand,761,15280
20xx,x,7/24/2010,x,WA,SortingLand,762,15300
20xx,x,7/24/2010,x,WA,SortingLand,763,15320
20xx,x,7/24/2010,x,WA,SortingLand,764,15340
20xx,x,7/24/2010,x,WA,SortingLand,765,15360
20xx,x,7/24/2010,x,WA,SortingLand,766,15380
20xx,x,7/24/2010,x,WA,SortingLand,767,15400
20xx,x,7/24/2010,x,WA,SortingLand,768,15420
20xx,x,7/24/2010,x,WA,SortingLand,769,15440
20xx,x,7/24/2010,x,WA,SortingLand,770,15460
20xx,x,7/24/2010,x,WA,SortingLand,771,15480
20xx,x,7/24/2010,x,WA,SortingLand,772,15500
20xx,x,7/24/2010,x,WA,SortingLand,773,15520
20xx,x,7/24/2010,x,WA,SortingLand,774,15540
20xx,x,7/24/2010,x,WA,SortingLand,775,15560
20xx,x,7/24/2010,x,WA,SortingLand,776,15580
20xx,x,7/24/2010,x,WA,SortingLand,777,15600
20xx,x,7/24/2010,x,WA,SortingLand,778,15620
20xx,x,7/24/2010,x,WA,SortingLand,779,15640
20xx,x,7/24/2010,x,WA,SortingLand,780,15660
20xx,x,7/24/2010,x,WA,SortingLand,781,15680
20xx,x,7/24/2010,x,WA,SortingLand,782,15700
20xx,x,7/24/2010,x,WA,SortingLand,783,15720
20xx,x,7/24/2010,x,WA,SortingLand,784,15740
20xx,x,7/24/2010,x,WA,SortingLand,785,15760
20xx,x,7/24/2010,x,WA,SortingLand,786,15780
20xx,x,7/24/2010,x,WA,SortingLand,787,15800
20xx,x,7/24/2010,x,WA,SortingLand,788,15820
20xx,x,7/24/2010,x,WA,SortingLand,789,15840
20xx,x,7/24/2010,x,WA,SortingLand,790,15860
20xx,x,7/24/2010,x,WA,SortingLand,791,15880
20xx,x,7/24/2010,x,WA,SortingLand,792,15900
20xx,x,7/24/2010,x,WA,SortingLand,793,15920
20xx,x,7/24/2010,x,WA,SortingLand,794,15940
20xx,x,7/24/2010,x,WA,SortingLand,795,15960
20xx,x,7/24/2010,x,WA,SortingLand,796,15980
20xx,x,7/24/2010,x,WA,SortingLand,797,16000
20xx,x,7/24/2010,x,WA,SortingLand,798,16020
20xx,x,7/24/2010,x,WA,SortingLand,799,16040
20xx,x,7/24/2010,x,WA,SortingLand,800,16060
20xx,x,7/24/2010,x,WA,SortingLand,801,16080
20xx,x,7/24/2010,x,WA,SortingLand,802,16100
20xx,x,7/24/2010,x,WA,SortingLand,803,16120
20xx,x,7/24/2010,x,WA,SortingLand,804,16140
20xx,x,7/24/2010,x,WA,SortingLand,805,16160
20xx,x,7/24/2010,x,WA,SortingLand,806,16180
20xx,x,7/24/2010,x,WA,SortingLand,807,16200
20xx,x,7/24/2010,x,WA,SortingLand,808,16220
20xx,x,7/24/2010,x,WA,SortingLand,809,16240
20xx,x,7/24/2010,x,WA,SortingLand,810,16260
20xx,x,7/24/2010,x,WA,SortingLand,811,16280
20xx,x,7/24/2010,x,WA,SortingLand,812,16300
20xx,x,7/24/2010,x,WA,SortingLand,813,16320
20xx,x,7/24/2010,x,WA,SortingLand,814,16340
20xx,x,7/24/2010,x,WA,SortingLand,815,16360
20xx,x,7/24/2010,x,WA,SortingLand,816,16380
20xx,x,7/24/2010,x,WA,SortingLand,817,16400
20xx,x,7/24/2010,x,WA,SortingLand,818,16420
20xx,x,7/24/2010,x,WA,SortingLand,819,16440
20xx,x,7/24/2010,x,WA,SortingLand,820,16460
20xx,x,7/24/2010,x,WA,SortingLand,821,16480
20xx,x,7/24/2010,x,WA,SortingLand,822,16500
20xx,x,7/24/2010,x,WA,SortingLand,823,16520
20xx,x,7/24/2010,x,WA,SortingLand,824,16540
20xx,x,7/24/2010,x,WA,SortingLand,825,16560
20xx,x,7/24/2010,x,WA,SortingLand,826,16580
20xx,x,7/24/2010,x,WA,SortingLand,827,16600
20xx,x,7/24/2010,x,WA,SortingLand,828,16620
20xx,x,7/24/2010,x,WA,SortingLand,829,16640
20xx,x,7/24/2010,x,WA,SortingLand,830,16660
20xx,x,7/24/2010,x,WA,SortingLand,831,16680
20xx,x,7/24/2010,x,WA,SortingLand,832,16700
20xx,x,7/24/2010,x,WA,SortingLand,833,16720
20xx,x,7/24/2010,x,WA,SortingLand,834,16740
20xx,x,7/24/2010,x,WA,SortingLand,835,16760
20xx,x,7/24/2010,x,WA,SortingLand,836,16780
20xx,x,7/24/2010,x,WA,SortingLand,837,16800
20xx,x,7/24/2010,x,WA,SortingLand,838,16820
20xx,x,7/24/2010,x,WA,SortingLand,839,16840
20xx,x,7/24/2010,x,WA,SortingLand,840,16860
20xx,x,7/24/2010,x,WA,SortingLand,841,16880
20xx,x,7/24/2010,x,WA,SortingLand,842,16900
20xx,x,7/24/2010,x,WA,SortingLand,843,16920
20xx,x,7/24/2010,x,WA,SortingLand,844,16940
20xx,x,7/24/2010,x,WA,SortingLand,845,16960
20xx,x,7/24/2010,x,WA,SortingLand,846,16980
20xx,x,7/24/2010,x,WA,SortingLand,847,17000
20xx,x,7/24/2010,x,WA,SortingLand,848,17020
20xx,x,7/24/2010,x,WA,SortingLand,849,17040
20xx,x,7/24/2010,x,WA,SortingLand,850,17060
20xx,x,7/24/2010,x,WA,SortingLand,851,17080
20xx,x,7/24/2010,x,WA,SortingLand,852,17100
20xx,x,7/24/2010,x,WA,SortingLand,853,17120
20xx,x,7/24/2010,x,WA,SortingLand,854,17140
20xx,x,7/24/2010,x,WA,SortingLand,855,17160
20xx,x,7/24/2010,x,WA,SortingLand,856,17180
20xx,x,7/24/2010,x,WA,SortingLand,857,17200
20xx,x,7/24/2010,x,WA,SortingLand,858,17220
20xx,x,7/24/2010,x,WA,SortingLand,859,17240
20xx,x,7/24/2010,x,WA,SortingLand,860,17260
20xx,x,7/24/2010,x,WA,SortingLand,861,17280
20xx,x,7/24/2010,x,WA,SortingLand,862,17300
20xx,x,7/24/2010,x,WA,SortingLand,863,17320
20xx,x,7/24/2010,x,WA,SortingLand,864,17340
20xx,x,7/24/2010,x,WA,SortingLand,865,17360
20xx,x,7/24/2010,x,WA,SortingLand,866,17380
20xx,x,7/24/2010,x,WA,SortingLand,867,17400
20xx,x,7/24/2010,x,WA,SortingLand,868,17420
20xx,x,7/24/2010,x,WA,SortingLand,869,17440
20xx,x,7/24/2010,x,WA,SortingLand,870,17460
20xx,x,7/24/2010,x,WA,SortingLand,871,17480
20xx,x,7/24/2010,x,WA,SortingLand,872,17500
20xx,x,7/24/2010,x,WA,SortingLand,873,17520
20xx,x,7/24/2010,x,WA,SortingLand,874,17540
20xx,x,7/24/2010,x,WA,SortingLand,875,17560
20xx,x,7/24/2010,x,WA,SortingLand,876,17580
20xx,x,7/24/2010,x,WA,SortingLand,877,17600
20xx,x,7/24/2010,x,WA,SortingLand,878,17620
20xx,x,7/24/2010,x,WA,SortingLand,879,17640
20xx,x,7/24/2010,x,WA,SortingLand,880,17660
20xx,x,7/24/2010,x,WA,SortingLand,881,17680
20xx,x,7/24/2010,x,WA,SortingLand,882,17700
20xx,x,7/24/2010,x,WA,SortingLand,883,17720
20xx,x,7/24/2010,x,WA,SortingLand,884,17740
20xx,x,7/24/2010,x,WA,SortingLand,885,17760
20xx,x,7/24/2010,x,WA,SortingLand,886,17780
20xx,x,7/24/2010,x,WA,SortingLand,887,17800
20xx,x,7/24/2010,x,WA,SortingLand,888,17820
20xx,x,7/24/2010,x,WA,SortingLand,889,17840
20xx,x,7/24/2010,x,WA,SortingLand,890,17860
20xx,x,7/24/2010,x,WA,SortingLand,891,17880
20xx,x,7/24/2010,x,WA,SortingLand,892,17900
20xx,x,7/24/2010,x,WA,SortingLand,893,17920
20xx,x,7/24/2010,x,WA,SortingLand,894,17940
20xx,x,7/24/2010,x,WA,SortingLand,895,17960
20xx,x,7/24/2010,x,WA,SortingLand,896,17980
20xx,x,7/24/2010,x,WA,SortingLand,897,18000
20xx,x,7/24/2010,x,WA,SortingLand,898,18020
20xx,x,7/24/2010,x,WA,SortingLand,899,18040
20xx,x,7/24/2010,x,WA,SortingLand,900,18060
20xx,x,7/24/2010,x,WA,SortingLand,901,18080
20xx,x,7/24/2010,x,WA,SortingLand,902,18100
20xx,x,7/24/2010,x,WA,SortingLand,903,18120
20xx,x,7/24/2010,x,WA,SortingLand,904,18140
20xx,x,7/24/2010,x,WA,SortingLand,905,18160
20xx,x,7/24/2010,x,WA,SortingLand,906,18180
20xx,x,7/24/2010,x,WA,SortingLand,907,18200
20xx,x,7/24/2010,x,WA,SortingLand,908,18220
20xx,x,7/24/2010,x,WA,SortingLand,909,18240
20xx,x,7/24/2010,x,WA,SortingLand,910,18260
20xx,x,7/24/2010,x,WA,SortingLand,911,18280
20xx,x,7/24/2010,x,WA,SortingLand,912,18300
20xx,x,7/24/2010,x,WA,SortingLand,913,18320
20xx,x,7/24/2010,x,WA,SortingLand,914,18340
20xx,x,7/24/2010,x,WA,SortingLand,915,18360
20xx,x,7/24/2010,x,WA,SortingLand,916,18380
20xx,x,7/24/2010,x,WA,SortingLand,917,18400
20xx,x,7/24/2010,x,WA,SortingLand,918,18420
20xx,x,7/24/2010,x,WA,SortingLand,919,18440
20xx,x,7/24/2010,x,WA,SortingLand,920,18460
20xx,x,7/24/2010,x,WA,SortingLand,921,18480
20xx,x,7/24/2010,x,WA,SortingLand,922,18500
20xx,x,7/24/2010,x,WA,SortingLand,923,18520
20xx,x,7/24/2010,x,WA,SortingLand,924,18540
20xx,x,7/24/2010,x,WA,SortingLand,925,18560
20xx,x,7/24/2010,x,WA,SortingLand,926,18580
20xx,x,7/24/2010,x,WA,SortingLand,927,18600
20xx,x,7/24/2010,x,WA,SortingLand,928,18620
20xx,x,7/24/2010,x,WA,SortingLand,929,18640
20xx,x,7/24/2010,x,WA,SortingLand,930,18660
20xx,x,7/24/2010,x,WA,SortingLand,931,18680
20xx,x,7/24/2010,x,WA,SortingLand,932,18700
20xx,x,7/24/2010,x,WA,SortingLand,933,18720
20xx,x,7/24/2010,x,WA,SortingLand,934,18740
20xx,x,7/24/2010,x,WA,SortingLand,935,18760
20xx,x,7/24/2010,x,WA,SortingLand,936,18780
20xx,x,7/24/2010,x,WA,SortingLand,937,18800
20xx,x,7/24/2010,x,WA,SortingLand,938,18820
20xx,x,7/24/2010,x,WA,SortingLand,939,18840
20xx,x,7/24/2010,x,WA,SortingLand,940,18860
20xx,x,7/24/2010,x,WA,SortingLand,941,18880
20xx,x,7/24/2010,x,WA,SortingLand,942,18900
20xx,x,7/24/2010,x,WA,SortingLand,943,18920
20xx,x,7/24/2010,x,WA,SortingLand,944,18940
20xx,x,7/24/2010,x,WA,SortingLand,945,18960
20xx,x,7/24/2010,x,WA,SortingLand,946,18980
20xx,x,7/24/2010,x,WA,SortingLand,947,19000
20xx,x,7/24/2010,x,WA,SortingLand,948,19020
20xx,x,7/24/2010,x,WA,SortingLand,949,19040
20xx,x,7/24/2010,x,WA,SortingLand,950,19060
20xx,x,7/24/2010,x,WA,SortingLand,951,19080
20xx,x,7/24/2010,x,WA,SortingLand,952,19100
20xx,x,7/24/2010,x,WA,SortingLand,953,19120
20xx,x,7/24/2010,x,WA,SortingLand,954,19140
20xx,x,7/24/2010,x,WA,SortingLand,955,19160
20xx,x,7/24/2010,x,WA,SortingLand,956,19180
20xx,x,7/24/2010,x,WA,SortingLand,957,19200
20xx,x,7/24/2010,x,WA,SortingLand,958,19220
20xx,x,7/24/2010,x,WA,SortingLand,959,19240
20xx,x,7/24/2010,x,WA,SortingLand,960,19260
20xx,x,7/24/2010,x,WA,SortingLand,961,19280
20xx,x,7/24/2010,x,WA,SortingLand,962,19300
20xx,x,7/24/2010,x,WA,SortingLand,963,19320
20xx,x,7/24/2010,x,WA,SortingLand,964,19340
20xx,x,7/24/2010,x,WA,SortingLand,965,19360
20xx,x,7/24/2010,x,WA,SortingLand,966,19380
20xx,x,7/24/2010,x,WA,SortingLand,967,19400
20xx,x,7/24/2010,x,WA,SortingLand,968,19420
20xx,x,7/24/2010,x,WA,SortingLand,969,19440
20xx,x,7/24/2010,x,WA,SortingLand,970,19460
20xx,x,7/24/2010,x,WA,SortingLand,971,19480
20xx,x,7/24/2010,x,WA,SortingLand,972,19500
20xx,x,7/24/2010,x,WA,SortingLand,973,19520
20xx,x,7/24/2010,x,WA,SortingLand,974,19540
20xx,x,7/24/2010,x,WA,SortingLand,975,19560
20xx,x,7/24/2010,x,WA,SortingLand,976,19580
20xx,x,7/24/2010,x,WA,SortingLand,977,19600
20xx,x,7/24/2010,x,WA,SortingLand,978,19620
20xx,x,7/24/2010,x,WA,SortingLand,979,19640
20xx,x,7/24/2010,x,WA,SortingLand,980,19660
20xx,x,7/24/2010,x,WA,SortingLand,981,19680
20xx,x,7/24/2010,x,WA,SortingLand,982,19700
20xx,x,7/24/2010,x,WA,SortingLand,983,19720
20xx,x,7/24/2010,x,WA,SortingLand,984,19740
20xx,x,7/24/2010,x,WA,SortingLand,985,19760
20xx,x,7/24/2010,x,WA,SortingLand,986,19780
20xx,x,7/24/2010,x,WA,SortingLand,987,19800
20xx,x,7/24/2010,x,WA,SortingLand,988,19820
20xx,x,7/24/2010,x,WA,SortingLand,989,19840
20xx,x,7/24/2010,x,WA,SortingLand,990,19860
20xx,x,7/24/2010,x,WA,SortingLand,991,19880
20xx,x,7/24/2010,x,WA,SortingLand,992,19900
20xx,x,7/24/2010,x,WA,SortingLand,993,19920
20xx,x,7/24/2010,x,WA,SortingLand,994,19940
20xx,x,7/24/2010,x,WA,SortingLand,995,19960
20xx,x,7/24/2010,x,WA,SortingLand,996,19980
20xx,x,7/24/2010,x,WA,SortingLand,997,20000
20xx,x,7/24/2010,x,WA,SortingLand,998,20020
20xx,x,7/24/2010,x,WA,SortingLand,999,20040
20xx,x,7/24/2010,x,WA,SortingLand,1000,20060
20xx,x,7/24/2010,x,WA,SortingLand,1001,20080
20xx,x,7/24/2010,x,WA,SortingLand,1002,20100
20xx,x,7/24/2010,x,WA,SortingLand,1003,20120
20xx,x,7/24/2010,x,WA,SortingLand,1004,20140
20xx,x,7/24/2010,x,WA,SortingLand,1005,20160
20xx,x,7/24/2010,x,WA,SortingLand,1006,20180
20xx,x,7/24/2010,x,WA,SortingLand,1007,20200
20xx,x,7/24/2010,x,WA,SortingLand,1008,20220
20xx,x,7/24/2010,x,WA,SortingLand,1009,20240
20xx,x,7/24/2010,x,WA,SortingLand,1010,20260
20xx,x,7/24/2010,x,WA,SortingLand,1011,20280
20xx,x,7/24/2010,x,WA,SortingLand,1012,20300
20xx,x,7/24/2010,x,WA,SortingLand,1013,20320
20xx,x,7/24/2010,x,WA,SortingLand,1014,20340
20xx,x,7/24/2010,x,WA,SortingLand,1015,20360
20xx,x,7/24/2010,x,WA,SortingLand,1016,20380
20xx,x,7/24/2010,x,WA,SortingLand,1017,20400
20xx,x,7/24/2010,x,WA,SortingLand,1018,20420
20xx,x,7/24/2010,x,WA,SortingLand,1019,20440
20xx,x,7/24/2010,x,WA,SortingLand,1020,20460
20xx,x,7/24/2010,x,WA,SortingLand,1021,20480
20xx,x,7/24/2010,x,WA,SortingLand,1022,20500
20xx,x,7/24/2010,x,WA,SortingLand,1023,20520
20xx,x,7/24/2010,x,WA,SortingLand,1024,20540
20xx,x,7/24/2010,x,WA,SortingLand,1025,20560
20xx,x,7/24/2010,x,WA,SortingLand,1026,20580
20xx,x,7/24/2010,x,WA,SortingLand,1027,20600
20xx,x,7/24/2010,x,WA,SortingLand,1028,20620
20xx,x,7/24/2010,x,WA,SortingLand,1029,20640
20xx,x,7/24/2010,x,WA,SortingLand,1030,20660
20xx,x,7/24/2010,x,WA,SortingLand,1031,20680
20xx,x,7/24/2010,x,WA,SortingLand,1032,20700
20xx,x,7/24/2010,x,WA,SortingLand,1033,20720
20xx,x,7/24/2010,x,WA,SortingLand,1034,20740
20xx,x,7/24/2010,x,WA,SortingLand,1035,20760
20xx,x,7/24/2010,x,WA,SortingLand,1036,20780
20xx,x,7/24/2010,x,WA,SortingLand,1037,20800
20xx,x,7/24/2010,x,WA,SortingLand,1038,20820
20xx,x,7/24/2010,x,WA,SortingLand,1039,20840
20xx,x,7/24/2010,x,WA,SortingLand,1040,20860
20xx,x,7/24/2010,x,WA,SortingLand,1041,20880
20xx,x,7/24/2010,x,WA,SortingLand,1042,20900
20xx,x,7/24/2010,x,WA,SortingLand,1043,20920
20xx,x,7/24/2010,x,WA,SortingLand,1044,20940
20xx,x,7/24/2010,x,WA,SortingLand,1045,20960
20xx,x,7/24/2010,x,WA,SortingLand,1046,20980
20xx,x,7/24/2010,x,WA,SortingLand,1047,21000
20xx,x,7/24/2010,x,WA,SortingLand,1048,21020
20xx,x,7/24/2010,x,WA,SortingLand,1049,21040
20xx,x,7/24/2010,x,WA,SortingLand,1050,21060
20xx,x,7/24/2010,x,WA,SortingLand,1051,21080
20xx,x,7/24/2010,x,WA,SortingLand,1052,21100
20xx,x,7/24/2010,x,WA,SortingLand,1053,21120
20xx,x,7/24/2010,x,WA,SortingLand,1054,21140
20xx,x,7/24/2010,x,WA,SortingLand,1055,21160
20xx,x,7/24/2010,x,WA,SortingLand,1056,21180
20xx,x,7/24/2010,x,WA,SortingLand,1057,21200
20xx,x,7/24/2010,x,WA,SortingLand,1058,21220
20xx,x,7/24/2010,x,WA,SortingLand,1059,21240
20xx,x,7/24/2010,x,WA,SortingLand,1060,21260
20xx,x,7/24/2010,x,WA,SortingLand,1061,21280
20xx,x,7/24/2010,x,WA,SortingLand,1062,21300
20xx,x,7/24/2010,x,WA,SortingLand,1063,21320
20xx,x,7/24/2010,x,WA,SortingLand,1064,21340
20xx,x,7/24/2010,x,WA,SortingLand,1065,21360
20xx,x,7/24/2010,x,WA,SortingLand,1066,21380
20xx,x,7/24/2010,x,WA,SortingLand,1067,21400
20xx,x,7/24/2010,x,WA,SortingLand,1068,21420
20xx,x,7/24/2010,x,WA,SortingLand,1069,21440
20xx,x,7/24/2010,x,WA,SortingLand,1070,21460
20xx,x,7/24/2010,x,WA,SortingLand,1071,21480
20xx,x,7/24/2010,x,WA,SortingLand,1072,21500
20xx,x,7/24/2010,x,WA,SortingLand,1073,21520
20xx,x,7/24/2010,x,WA,SortingLand,1074,21540
20xx,x,7/24/2010,x,WA,SortingLand,1075,21560
20xx,x,7/24/2010,x,WA,SortingLand,1076,21580
20xx,x,7/24/2010,x,WA,SortingLand,1077,21600
20xx,x,7/24/2010,x,WA,SortingLand,1078,21620
20xx,x,7/24/2010,x,WA,SortingLand,1079,21640
20xx,x,7/24/2010,x,WA,SortingLand,1080,21660
20xx,x,7/24/2010,x,WA,SortingLand,1081,21680
20xx,x,7/24/2010,x,WA,SortingLand,1082,21700
20xx,x,7/24/2010,x,WA,SortingLand,1083,21720
20xx,x,7/24/2010,x,WA,SortingLand,1084,21740
20xx,x,7/24/2010,x,WA,SortingLand,1085,21760
20xx,x,7/24/2010,x,WA,SortingLand,1086,21780
20xx,x,7/24/2010,x,WA,SortingLand,1087,21800
20xx,x,7/24/2010,x,WA,SortingLand,1088,21820
20xx,x,7/24/2010,x,WA,SortingLand,1089,21840
20xx,x,7/24/2010,x,WA,SortingLand,1090,21860
20xx,x,7/24/2010,x,WA,SortingLand,1091,21880
20xx,x,7/24/2010,x,WA,SortingLand,1092,21900
20xx,x,7/24/2010,x,WA,SortingLand,1093,21920
20xx,x,7/24/2010,x,WA,SortingLand,1094,21940
20xx,x,7/24/2010,x,WA,SortingLand,1095,21960
20xx,x,7/24/2010,x,WA,SortingLand,1096,21980
20xx,x,7/24/2010,x,WA,SortingLand,1097,22000
20xx,x,7/24/2010,x,WA,SortingLand,1098,22020
20xx,x,7/24/2010,x,WA,SortingLand,1099,22040
20xx,x,7/24/2010,x,WA,SortingLand,1100,22060
20xx,x,7/24/2010,x,WA,SortingLand,1101,22080
20xx,x,7/24/2010,x,WA,SortingLand,1102,22100
20xx,x,7/24/2010,x,WA,SortingLand,1103,22120
20xx,x,7/24/2010,x,WA,SortingLand,1104,22140
20xx,x,7/24/2010,x,WA,SortingLand,1105,22160
20xx,x,7/24/2010,x,WA,SortingLand,1106,22180
20xx,x,7/24/2010,x,WA,SortingLand,1107,22200
20xx,x,7/24/2010,x,WA,SortingLand,1108,22220
20xx,x,7/24/2010,x,WA,SortingLand,1109,22240
20xx,x,7/24/2010,x,WA,SortingLand,1110,22260
20xx,x,7/24/2010,x,WA,SortingLand,1111,22280
20xx,x,7/24/2010,x,WA,SortingLand,1112,22300
20xx,x,7/24/2010,x,WA,SortingLand,1113,22320
20xx,x,7/24/2010,x,WA,SortingLand,1114,22340
20xx,x,7/24/2010,x,WA,SortingLand,1115,22360
20xx,x,7/24/2010,x,WA,SortingLand,1116,22380
20xx,x,7/24/2010,x,WA,SortingLand,1117,22400
20xx,x,7/24/2010,x,WA,SortingLand,1118,22420
20xx,x,7/24/2010,x,WA,SortingLand,1119,22440
20xx,x,7/24/2010,x,WA,SortingLand,1120,22460
20xx,x,7/24/2010,x,WA,SortingLand,1121,22480
20xx,x,7/24/2010,x,WA,SortingLand,1122,22500
20xx,x,7/24/2010,x,WA,SortingLand,1123,22520
20xx,x,7/24/2010,x,WA,SortingLand,1124,22540
20xx,x,7/24/2010,x,WA,SortingLand,1125,22560
20xx,x,7/24/2010,x,WA,SortingLand,1126,22580
20xx,x,7/24/2010,x,WA,SortingLand,1127,22600
20xx,x,7/24/2010,x,WA,SortingLand,1128,22620
20xx,x,7/24/2010,x,WA,SortingLand,1129,22640
20xx,x,7/24/2010,x,WA,SortingLand,1130,22660
20xx,x,7/24/2010,x,WA,SortingLand,1131,22680
20xx,x,7/24/2010,x,WA,SortingLand,1132,22700
20xx,x,7/24/2010,x,WA,SortingLand,1133,22720
20xx,x,7/24/2010,x,WA,SortingLand,1134,22740
20xx,x,7/24/2010,x,WA,SortingLand,1135,22760
20xx,x,7/24/2010,x,WA,SortingLand,1136,22780
20xx,x,7/24/2010,x,WA,SortingLand,1137,22800
20xx,x,7/24/2010,x,WA,SortingLand,1138,22820
20xx,x,7/24/2010,x,WA,SortingLand,1139,22840
20xx,x,7/24/2010,x,WA,SortingLand,1140,22860
20xx,x,7/24/2010,x,WA,SortingLand,1141,22880
20xx,x,7/24/2010,x,WA,SortingLand,1142,22900
20xx,x,7/24/2010,x,WA,SortingLand,1143,22920
20xx,x,7/24/2010,x,WA,SortingLand,1144,22940
20xx,x,7/24/2010,x,WA,SortingLand,1145,22960
20xx,x,7/24/2010,x,WA,SortingLand,1146,22980
20xx,x,7/24/2010,x,WA,SortingLand,1147,23000
20xx,x,7/24/2010,x,WA,SortingLand,1148,23020
20xx,x,7/24/2010,x,WA,SortingLand,1149,23040
20xx,x,7/24/2010,x,WA,SortingLand,1150,23060
20xx,x,7/24/2010,x,WA,SortingLand,1151,23080
20xx,x,7/24/2010,x,WA,SortingLand,1152,23100
20xx,x,7/24/2010,x,WA,SortingLand,1153,23120
20xx,x,7/24/2010,x,WA,SortingLand,1154,23140
20xx,x,7/24/2010,x,WA,SortingLand,1155,23160
20xx,x,7/24/2010,x,WA,SortingLand,1156,23180
20xx,x,7/24/2010,x,WA,SortingLand,1157,23200
20xx,x,7/24/2010,x,WA,SortingLand,1158,23220
20xx,x,7/24/2010,x,WA,SortingLand,1159,23240
20xx,x,7/24/2010,x,WA,SortingLand,1160,23260
20xx,x,7/24/2010,x,WA,SortingLand,1161,23280
20xx,x,7/24/2010,x,WA,SortingLand,1162,23300
20xx,x,7/24/2010,x,WA,SortingLand,1163,23320
20xx,x,7/24/2010,x,WA,SortingLand,1164,23340
20xx,x,7/24/2010,x,WA,SortingLand,1165,23360
20xx,x,7/24/2010,x,WA,SortingLand,1166,23380
20xx,x,7/24/2010,x,WA,SortingLand,1167,23400
20xx,x,7/24/2010,x,WA,SortingLand,1168,23420
20xx,x,7/24/2010,x,WA,SortingLand,1169,23440
20xx,x,7/24/2010,x,WA,SortingLand,1170,23460
20xx,x,7/24/2010,x,WA,SortingLand,1171,23480
20xx,x,7/24/2010,x,WA,SortingLand,1172,23500
20xx,x,7/24/2010,x,WA,SortingLand,1173,23520
20xx,x,7/24/2010,x,WA,SortingLand,1174,23540
20xx,x,7/24/2010,x,WA,SortingLand,1175,23560
20xx,x,7/24/2010,x,WA,SortingLand,1176,23580
20xx,x,7/24/2010,x,WA,SortingLand,1177,23600
20xx,x,7/24/2010,x,WA,SortingLand,1178,23620
20xx,x,7/24/2010,x,WA,SortingLand,1179,23640
20xx,x,7/24/2010,x,WA,SortingLand,1180,23660
20xx,x,7/24/2010,x,WA,SortingLand,1181,23680
20xx,x,7/24/2010,x,WA,SortingLand,1182,23700
20xx,x,7/24/2010,x,WA,SortingLand,1183,23720
20xx,x,7/24/2010,x,WA,SortingLand,1184,23740
20xx,x,7/24/2010,x,WA,SortingLand,1185,23760
20xx,x,7/24/2010,x,WA,SortingLand,1186,23780
20xx,x,7/24/2010,x,WA,SortingLand,1187,23800
20xx,x,7/24/2010,x,WA,SortingLand,1188,23820
20xx,x,7/24/2010,x,WA,SortingLand,1189,23840
20xx,x,7/24/2010,x,WA,SortingLand,1190,23860
20xx,x,7/24/2010,x,WA,SortingLand,1191,23880
20xx,x,7/24/2010,x,WA,SortingLand,1192,23900
20xx,x,7/24/2010,x,WA,SortingLand,1193,23920
20xx,x,7/24/2010,x,WA,SortingLand,1194,23940
20xx,x,7/24/2010,x,WA,SortingLand,1195,23960
20xx,x,7/24/2010,x,WA,SortingLand,1196,23980
20xx,x,7/24/2010,x,WA,SortingLand,1197,24000
20xx,x,7/24/2010,x,WA,SortingLand,1198,24020
20xx,x,7/24/2010,x,WA,SortingLand,1199,24040
20xx,x,7/24/2010,x,WA,SortingLand,1200,24060
20xx,x,7/24/2010,x,WA,SortingLand,1201,24080
20xx,x,7/24/2010,x,WA,SortingLand,1202,24100
20xx,x,7/24/2010,x,WA,SortingLand,1203,24120
20xx,x,7/24/2010,x,WA,SortingLand,1204,24140
20xx,x,7/24/2010,x,WA,SortingLand,1205,24160
20xx,x,7/24/2010,x,WA,SortingLand,1206,24180
20xx,x,7/24/2010,x,WA,SortingLand,1207,24200
20xx,x,7/24/2010,x,WA,SortingLand,1208,24220
20xx,x,7/24/2010,x,WA,SortingLand,1209,24240
20xx,x,7/24/2010,x,WA,SortingLand,1210,24260
20xx,x,7/24/2010,x,WA,SortingLand,1211,24280
20xx,x,7/24/2010,x,WA,SortingLand,1212,24300
20xx,x,7/24/2010,x,WA,SortingLand,1213,24320
20xx,x,7/24/2010,x,WA,SortingLand,1214,24340
20xx,x,7/24/2010,x,WA,SortingLand,1215,24360
20xx,x,7/24/2010,x,WA,SortingLand,1216,24380
20xx,x,7/24/2010,x,WA,SortingLand,1217,24400
20xx,x,7/24/2010,x,WA,SortingLand,1218,24420
20xx,x,7/24/2010,x,WA,SortingLand,1219,24440
20xx,x,7/24/2010,x,WA,SortingLand,1220,24460
20xx,x,7/24/2010,x,WA,SortingLand,1221,24480
20xx,x,7/24/2010,x,WA,SortingLand,1222,24500
20xx,x,7/24/2010,x,WA,SortingLand,1223,24520
20xx,x,7/24/2010,x,WA,SortingLand,1224,24540
20xx,x,7/24/2010,x,WA,SortingLand,1225,24560
20xx,x,7/24/2010,x,WA,SortingLand,1226,24580
20xx,x,7/24/2010,x,WA,SortingLand,1227,24600
20xx,x,7/24/2010,x,WA,SortingLand,1228,24620
20xx,x,7/24/2010,x,WA,SortingLand,1229,24640
20xx,x,7/24/2010,x,WA,SortingLand,1230,24660
20xx,x,7/24/2010,x,WA,SortingLand,1231,24680
20xx,x,7/24/2010,x,WA,SortingLand,1232,24700
20xx,x,7/24/2010,x,WA,SortingLand,1233,24720
20xx,x,7/24/2010,x,WA,SortingLand,1234,24740
20xx,x,7/24/2010,x,WA,SortingLand,1235,24760
20xx,x,7/24/2010,x,WA,SortingLand,1236,24780
20xx,x,7/24/2010,x,WA,SortingLand,1237,24800
20xx,x,7/24/2010,x,WA,SortingLand,1238,24820
20xx,x,7/24/2010,x,WA,SortingLand,1239,24840
20xx,x,7/24/2010,x,WA,SortingLand,1240,24860
20xx,x,7/24/2010,x,WA,SortingLand,1241,24880
20xx,x,7/24/2010,x,WA,SortingLand,1242,24900
20xx,x,7/24/2010,x,WA,SortingLand,1243,24920
20xx,x,7/24/2010,x,WA,SortingLand,1244,24940
20xx,x,7/24/2010,x,WA,SortingLand,1245,24960
20xx,x,7/24/2010,x,WA,SortingLand,1246,24980
20xx,x,7/24/2010,x,WA,SortingLand,1247,25000
20xx,x,7/24/2010,x,WA,SortingLand,1248,25020
20xx,x,7/24/2010,x,WA,SortingLand,1249,25040
20xx,x,7/24/2010,x,WA,SortingLand,1250,25060
20xx,x,7/24/2010,x,WA,SortingLand,1251,25080
20xx,x,7/24/2010,x,WA,SortingLand,1252,25100
20xx,x,7/24/2010,x,WA,SortingLand,1253,25120
20xx,x,7/24/2010,x,WA,SortingLand,1254,25140
20xx,x,7/24/2010,x,WA,SortingLand,1255,25160
20xx,x,7/24/2010,x,WA,SortingLand,1256,25180
20xx,x,7/24/2010,x,WA,SortingLand,1257,25200
20xx,x,7/24/2010,x,WA,SortingLand,1258,25220
20xx,x,7/24/2010,x,WA,SortingLand,1259,25240
20xx,x,7/24/2010,x,WA,SortingLand,1260,25260
20xx,x,7/24/2010,x,WA,SortingLand,1261,25280
20xx,x,7/24/2010,x,WA,SortingLand,1262,25300
20xx,x,7/24/2010,x,WA,SortingLand,1263,25320
20xx,x,7/24/2010,x,WA,SortingLand,1264,25340
20xx,x,7/24/2010,x,WA,SortingLand,1265,25360
20xx,x,7/24/2010,x,WA,SortingLand,1266,25380
20xx,x,7/24/2010,x,WA,SortingLand,1267,25400
20xx,x,7/24/2010,x,WA,SortingLand,1268,25420
20xx,x,7/24/2010,x,WA,SortingLand,1269,25440
20xx,x,7/24/2010,x,WA,SortingLand,1270,25460
20xx,x,7/24/2010,x,WA,SortingLand,1271,25480
20xx,x,7/24/2010,x,WA,SortingLand,1272,25500
20xx,x,7/24/2010,x,WA,SortingLand,1273,25520
20xx,x,7/24/2010,x,WA,SortingLand,1274,25540
20xx,x,7/24/2010,x,WA,SortingLand,1275,25560
20xx,x,7/24/2010,x,WA,SortingLand,1276,25580
20xx,x,7/24/2010,x,WA,SortingLand,1277,25600
20xx,x,7/24/2010,x,WA,SortingLand,1278,25620
20xx,x,7/24/2010,x,WA,SortingLand,1279,25640
20xx,x,7/24/2010,x,WA,SortingLand,1280,25660
20xx,x,7/24/2010,x,WA,SortingLand,1281,25680
20xx,x,7/24/2010,x,WA,SortingLand,1282,25700
20xx,x,7/24/2010,x,WA,SortingLand,1283,25720
20xx,x,7/24/2010,x,WA,SortingLand,1284,25740
20xx,x,7/24/2010,x,WA,SortingLand,1285,25760
20xx,x,7/24/2010,x,WA,SortingLand,1286,25780
20xx,x,7/24/2010,x,WA,SortingLand,1287,25800
20xx,x,7/24/2010,x,WA,SortingLand,1288,25820
20xx,x,7/24/2010,x,WA,SortingLand,1289,25840
20xx,x,7/24/2010,x,WA,SortingLand,1290,25860
20xx,x,7/24/2010,x,WA,SortingLand,1291,25880
20xx,x,7/24/2010,x,WA,SortingLand,1292,25900
20xx,x,7/24/2010,x,WA,SortingLand,1293,25920
20xx,x,7/24/2010,x,WA,SortingLand,1294,25940
20xx,x,7/24/2010,x,WA,SortingLand,1295,25960
20xx,x,7/24/2010,x,WA,SortingLand,1296,25980
20xx,x,7/24/2010,x,WA,SortingLand,1297,26000
20xx,x,7/24/2010,x,WA,SortingLand,1298,26020
20xx,x,7/24/2010,x,WA,SortingLand,1299,26040
20xx,x,7/24/2010,x,WA,SortingLand,1300,26060
20xx,x,7/24/2010,x,WA,SortingLand,1301,26080
20xx,x,7/24/2010,x,WA,SortingLand,1302,26100
20xx,x,7/24/2010,x,WA,SortingLand,1303,26120
20xx,x,7/24/2010,x,WA,SortingLand,1304,26140
20xx,x,7/24/2010,x,WA,SortingLand,1305,26160
20xx,x,7/24/2010,x,WA,SortingLand,1306,26180
20xx,x,7/24/2010,x,WA,SortingLand,1307,26200
20xx,x,7/24/2010,x,WA,SortingLand,1308,26220
20xx,x,7/24/2010,x,WA,SortingLand,1309,26240
20xx,x,7/24/2010,x,WA,SortingLand,1310,26260
20xx,x,7/24/2010,x,WA,SortingLand,1311,26280
20xx,x,7/24/2010,x,WA,SortingLand,1312,26300
20xx,x,7/24/2010,x,WA,SortingLand,1313,26320
20xx,x,7/24/2010,x,WA,SortingLand,1314,26340
20xx,x,7/24/2010,x,WA,SortingLand,1315,26360
20xx,x,7/24/2010,x,WA,SortingLand,1316,26380
20xx,x,7/24/2010,x,WA,SortingLand,1317,26400
20xx,x,7/24/2010,x,WA,SortingLand,1318,26420
20xx,x,7/24/2010,x,WA,SortingLand,1319,26440
20xx,x,7/24/2010,x,WA,SortingLand,1320,26460
20xx,x,7/24/2010,x,WA,SortingLand,1321,26480
20xx,x,7/24/2010,x,WA,SortingLand,1322,26500
20xx,x,7/24/2010,x,WA,SortingLand,1323,26520
20xx,x,7/24/2010,x,WA,SortingLand,1324,26540
20xx,x,7/24/2010,x,WA,SortingLand,1325,26560
20xx,x,7/24/2010,x,WA,SortingLand,1326,26580
20xx,x,7/24/2010,x,WA,SortingLand,1327,26600
20xx,x,7/24/2010,x,WA,SortingLand,1328,26620
20xx,x,7/24/2010,x,WA,SortingLand,1329,26640
20xx,x,7/24/2010,x,WA,SortingLand,1330,26660
20xx,x,7/24/2010,x,WA,SortingLand,1331,26680
20xx,x,7/24/2010,x,WA,SortingLand,1332,26700
20xx,x,7/24/2010,x,WA,SortingLand,1333,26720
20xx,x,7/24/2010,x,WA,SortingLand,1334,26740
20xx,x,7/24/2010,x,WA,SortingLand,1335,26760
20xx,x,7/24/2010,x,WA,SortingLand,1336,26780
20xx,x,7/24/2010,x,WA,SortingLand,1337,26800
20xx,x,7/24/2010,x,WA,SortingLand,1338,26820
20xx,x,7/24/2010,x,WA,SortingLand,1339,26840
20xx,x,7/24/2010,x,WA,SortingLand,1340,26860
20xx,x,7/24/2010,x,WA,SortingLand,1341,26880
20xx,x,7/24/2010,x,WA,SortingLand,1342,26900
20xx,x,7/24/2010,x,WA,SortingLand,1343,26920
20xx,x,7/24/2010,x,WA,SortingLand,1344,26940
20xx,x,7/24/2010,x,WA,SortingLand,1345,26960
20xx,x,7/24/2010,x,WA,SortingLand,1346,26980
20xx,x,7/24/2010,x,WA,SortingLand,1347,27000
20xx,x,7/24/2010,x,WA,SortingLand,1348,27020
20xx,x,7/24/2010,x,WA,SortingLand,1349,27040
20xx,x,7/24/2010,x,WA,SortingLand,1350,27060
20xx,x,7/24/2010,x,WA,SortingLand,1351,27080
20xx,x,7/24/2010,x,WA,SortingLand,1352,27100
20xx,x,7/24/2010,x,WA,SortingLand,1353,27120
20xx,x,7/24/2010,x,WA,SortingLand,1354,27140
20xx,x,7/24/2010,x,WA,SortingLand,1355,27160
20xx,x,7/24/2010,x,WA,SortingLand,1356,27180
20xx,x,7/24/2010,x,WA,SortingLand,1357,27200
20xx,x,7/24/2010,x,WA,SortingLand,1358,27220
20xx,x,7/24/2010,x,WA,SortingLand,1359,27240
20xx,x,7/24/2010,x,WA,SortingLand,1360,27260
20xx,x,7/24/2010,x,WA,SortingLand,1361,27280
20xx,x,7/24/2010,x,WA,SortingLand,1362,27300
20xx,x,7/24/2010,x,WA,SortingLand,1363,27320
20xx,x,7/24/2010,x,WA,SortingLand,1364,27340
20xx,x,7/24/2010,x,WA,SortingLand,1365,27360
20xx,x,7/24/2010,x,WA,SortingLand,1366,27380
20xx,x,7/24/2010,x,WA,SortingLand,1367,27400
20xx,x,7/24/2010,x,WA,SortingLand,1368,27420
20xx,x,7/24/2010,x,WA,SortingLand,1369,27440
20xx,x,7/24/2010,x,WA,SortingLand,1370,27460
20xx,x,7/24/2010,x,WA,SortingLand,1371,27480
20xx,x,7/24/2010,x,WA,SortingLand,1372,27500
20xx,x,7/24/2010,x,WA,SortingLand,1373,27520
20xx,x,7/24/2010,x,WA,SortingLand,1374,27540
20xx,x,7/24/2010,x,WA,SortingLand,1375,27560
20xx,x,7/24/2010,x,WA,SortingLand,1376,27580
20xx,x,7/24/2010,x,WA,SortingLand,1377,27600
20xx,x,7/24/2010,x,WA,SortingLand,1378,27620
20xx,x,7/24/2010,x,WA,SortingLand,1379,27640
20xx,x,7/24/2010,x,WA,SortingLand,1380,27660
20xx,x,7/24/2010,x,WA,SortingLand,1381,27680
20xx,x,7/24/2010,x,WA,SortingLand,1382,27700
20xx,x,7/24/2010,x,WA,SortingLand,1383,27720
20xx,x,7/24/2010,x,WA,SortingLand,1384,27740
20xx,x,7/24/2010,x,WA,SortingLand,1385,27760
20xx,x,7/24/2010,x,WA,SortingLand,1386,27780
20xx,x,7/24/2010,x,WA,SortingLand,1387,27800
20xx,x,7/24/2010,x,WA,SortingLand,1388,27820
20xx,x,7/24/2010,x,WA,SortingLand,1389,27840
20xx,x,7/24/2010,x,WA,SortingLand,1390,27860
20xx,x,7/24/2010,x,WA,SortingLand,1391,27880
20xx,x,7/24/2010,x,WA,SortingLand,1392,27900
20xx,x,7/24/2010,x,WA,SortingLand,1393,27920
20xx,x,7/24/2010,x,WA,SortingLand,1394,27940
20xx,x,7/24/2010,x,WA,SortingLand,1395,27960
20xx,x,7/24/2010,x,WA,SortingLand,1396,27980
20xx,x,7/24/2010,x,WA,SortingLand,1397,28000
20xx,x,7/24/2010,x,WA,SortingLand,1398,28020
20xx,x,7/24/2010,x,WA,SortingLand,1399,28040
20xx,x,7/24/2010,x,WA,SortingLand,1400,28060
20xx,x,7/24/2010,x,WA,SortingLand,1401,28080
20xx,x,7/24/2010,x,WA,SortingLand,1402,28100
20xx,x,7/24/2010,x,WA,SortingLand,1403,28120
20xx,x,7/24/2010,x,WA,SortingLand,1404,28140
20xx,x,7/24/2010,x,WA,SortingLand,1405,28160
20xx,x,7/24/2010,x,WA,SortingLand,1406,28180
20xx,x,7/24/2010,x,WA,SortingLand,1407,28200
20xx,x,7/24/2010,x,WA,SortingLand,1408,28220
20xx,x,7/24/2010,x,WA,SortingLand,1409,28240
20xx,x,7/24/2010,x,WA,SortingLand,1410,28260
20xx,x,7/24/2010,x,WA,SortingLand,1411,28280
20xx,x,7/24/2010,x,WA,SortingLand,1412,28300
20xx,x,7/24/2010,x,WA,SortingLand,1413,28320
20xx,x,7/24/2010,x,WA,SortingLand,1414,28340
20xx,x,7/24/2010,x,WA,SortingLand,1415,28360
20xx,x,7/24/2010,x,WA,SortingLand,1416,28380
20xx,x,7/24/2010,x,WA,SortingLand,1417,28400
20xx,x,7/24/2010,x,WA,SortingLand,1418,28420
20xx,x,7/24/2010,x,WA,SortingLand,1419,28440
20xx,x,7/24/2010,x,WA,SortingLand,1420,28460
20xx,x,7/24/2010,x,WA,SortingLand,1421,28480
20xx,x,7/24/2010,x,WA,SortingLand,1422,28500
20xx,x,7/24/2010,x,WA,SortingLand,1423,28520
20xx,x,7/24/2010,x,WA,SortingLand,1424,28540
20xx,x,7/24/2010,x,WA,SortingLand,1425,28560
20xx,x,7/24/2010,x,WA,SortingLand,1426,28580
20xx,x,7/24/2010,x,WA,SortingLand,1427,28600
20xx,x,7/24/2010,x,WA,SortingLand,1428,28620
20xx,x,7/24/2010,x,WA,SortingLand,1429,28640
20xx,x,7/24/2010,x,WA,SortingLand,1430,28660
20xx,x,7/24/2010,x,WA,SortingLand,1431,28680
20xx,x,7/24/2010,x,WA,SortingLand,1432,28700
20xx,x,7/24/2010,x,WA,SortingLand,1433,28720
20xx,x,7/24/2010,x,WA,SortingLand,1434,28740
20xx,x,7/24/2010,x,WA,SortingLand,1435,28760
20xx,x,7/24/2010,x,WA,SortingLand,1436,28780
20xx,x,7/24/2010,x,WA,SortingLand,1437,28800
20xx,x,7/24/2010,x,WA,SortingLand,1438,28820
20xx,x,7/24/2010,x,WA,SortingLand,1439,28840
20xx,x,7/24/2010,x,WA,SortingLand,1440,28860
20xx,x,7/24/2010,x,WA,SortingLand,1441,28880
20xx,x,7/24/2010,x,WA,SortingLand,1442,28900
20xx,x,7/24/2010,x,WA,SortingLand,1443,28920
20xx,x,7/24/2010,x,WA,SortingLand,1444,28940
20xx,x,7/24/2010,x,WA,SortingLand,1445,28960
20xx,x,7/24/2010,x,WA,SortingLand,1446,28980
20xx,x,7/24/2010,x,WA,SortingLand,1447,29000
20xx,x,7/24/2010,x,WA,SortingLand,1448,29020
20xx,x,7/24/2010,x,WA,SortingLand,1449,29040
20xx,x,7/24/2010,x,WA,SortingLand,1450,29060
20xx,x,7/24/2010,x,WA,SortingLand,1451,29080
20xx,x,7/24/2010,x,WA,SortingLand,1452,29100
20xx,x,7/24/2010,x,WA,SortingLand,1453,29120
20xx,x,7/24/2010,x,WA,SortingLand,1454,29140
20xx,x,7/24/2010,x,WA,SortingLand,1455,29160
20xx,x,7/24/2010,x,WA,SortingLand,1456,29180
20xx,x,7/24/2010,x,WA,SortingLand,1457,29200
20xx,x,7/24/2010,x,WA,SortingLand,1458,29220
20xx,x,7/24/2010,x,WA,SortingLand,1459,29240
20xx,x,7/24/2010,x,WA,SortingLand,1460,29260
20xx,x,7/24/2010,x,WA,SortingLand,1461,29280
20xx,x,7/24/2010,x,WA,SortingLand,1462,29300
20xx,x,7/24/2010,x,WA,SortingLand,1463,29320
20xx,x,7/24/2010,x,WA,SortingLand,1464,29340
20xx,x,7/24/2010,x,WA,SortingLand,1465,29360
20xx,x,7/24/2010,x,WA,SortingLand,1466,29380
20xx,x,7/24/2010,x,WA,SortingLand,1467,29400
20xx,x,7/24/2010,x,WA,SortingLand,1468,29420
20xx,x,7/24/2010,x,WA,SortingLand,1469,29440
20xx,x,7/24/2010,x,WA,SortingLand,1470,29460
20xx,x,7/24/2010,x,WA,SortingLand,1471,29480
20xx,x,7/24/2010,x,WA,SortingLand,1472,29500
20xx,x,7/24/2010,x,WA,SortingLand,1473,29520
20xx,x,7/24/2010,x,WA,SortingLand,1474,29540
20xx,x,7/24/2010,x,WA,SortingLand,1475,29560
20xx,x,7/24/2010,x,WA,SortingLand,1476,29580
20xx,x,7/24/2010,x,WA,SortingLand,1477,29600
20xx,x,7/24/2010,x,WA,SortingLand,1478,29620
20xx,x,7/24/2010,x,WA,SortingLand,1479,29640
20xx,x,7/24/2010,x,WA,SortingLand,1480,29660
20xx,x,7/24/2010,x,WA,SortingLand,1481,29680
20xx,x,7/24/2010,x,WA,SortingLand,1482,29700
20xx,x,7/24/2010,x,WA,SortingLand,1483,29720
20xx,x,7/24/2010,x,WA,SortingLand,1484,29740
20xx,x,7/24/2010,x,WA,SortingLand,1485,29760
20xx,x,7/24/2010,x,WA,SortingLand,1486,29780
20xx,x,7/24/2010,x,WA,SortingLand,1487,29800
20xx,x,7/24/2010,x,WA,SortingLand,1488,29820
20xx,x,7/24/2010,x,WA,SortingLand,1489,29840
20xx,x,7/24/2010,x,WA,SortingLand,1490,29860
20xx,x,7/24/2010,x,WA,SortingLand,1491,29880
20xx,x,7/24/2010,x,WA,SortingLand,1492,29900
20xx,x,7/24/2010,x,WA,SortingLand,1493,29920
20xx,x,7/24/2010,x,WA,SortingLand,1494,29940
20xx,x,7/24/2010,x,WA,SortingLand,1495,29960
20xx,x,7/24/2010,x,WA,SortingLand,1496,29980
20xx,x,7/24/2010,x,WA,SortingLand,1497,30000
20xx,x,7/24/2010,x,WA,SortingLand,1498,30020
20xx,x,7/24/2010,x,WA,SortingLand,1499,30040
20xx,x,7/24/2010,x,WA,SortingLand,1500,30060
20xx,x,7/24/2010,x,WA,SortingLand,1501,30080
20xx,x,7/24/2010,x,WA,SortingLand,1502,30100
20xx,x,7/24/2010,x,WA,SortingLand,1503,30120
20xx,x,7/24/2010,x,WA,SortingLand,1504,30140
20xx,x,7/24/2010,x,WA,SortingLand,1505,30160
20xx,x,7/24/2010,x,WA,SortingLand,1506,30180
20xx,x,7/24/2010,x,WA,SortingLand,1507,30200
20xx,x,7/24/2010,x,WA,SortingLand,1508,30220
20xx,x,7/24/2010,x,WA,SortingLand,1509,30240
20xx,x,7/24/2010,x,WA,SortingLand,1510,30260
20xx,x,7/24/2010,x,WA,SortingLand,1511,30280
20xx,x,7/24/2010,x,WA,SortingLand,1512,30300
20xx,x,7/24/2010,x,WA,SortingLand,1513,30320
20xx,x,7/24/2010,x,WA,SortingLand,1514,30340
20xx,x,7/24/2010,x,WA,SortingLand,1515,30360
20xx,x,7/24/2010,x,WA,SortingLand,1516,30380
20xx,x,7/24/2010,x,WA,SortingLand,1517,30400
20xx,x,7/24/2010,x,WA,SortingLand,1518,30420
20xx,x,7/24/2010,x,WA,SortingLand,1519,30440
20xx,x,7/24/2010,x,WA,SortingLand,1520,30460
20xx,x,7/24/2010,x,WA,SortingLand,1521,30480
20xx,x,7/24/2010,x,WA,SortingLand,1522,30500
20xx,x,7/24/2010,x,WA,SortingLand,1523,30520
20xx,x,7/24/2010,x,WA,SortingLand,1524,30540
20xx,x,7/24/2010,x,WA,SortingLand,1525,30560
20xx,x,7/24/2010,x,WA,SortingLand,1526,30580
20xx,x,7/24/2010,x,WA,SortingLand,1527,30600
20xx,x,7/24/2010,x,WA,SortingLand,1528,30620
20xx,x,7/24/2010,x,WA,SortingLand,1529,30640
20xx,x,7/24/2010,x,WA,SortingLand,1530,30660
20xx,x,7/24/2010,x,WA,SortingLand,1531,30680
20xx,x,7/24/2010,x,WA,SortingLand,1532,30700
20xx,x,7/24/2010,x,WA,SortingLand,1533,30720
20xx,x,7/24/2010,x,WA,SortingLand,1534,30740
20xx,x,7/24/2010,x,WA,SortingLand,1535,30760
20xx,x,7/24/2010,x,WA,SortingLand,1536,30780
20xx,x,7/24/2010,x,WA,SortingLand,1537,30800
20xx,x,7/24/2010,x,WA,SortingLand,1538,30820
20xx,x,7/24/2010,x,WA,SortingLand,1539,30840
20xx,x,7/24/2010,x,WA,SortingLand,1540,30860
20xx,x,7/24/2010,x,WA,SortingLand,1541,30880
20xx,x,7/24/2010,x,WA,SortingLand,1542,30900
20xx,x,7/24/2010,x,WA,SortingLand,1543,30920
20xx,x,7/24/2010,x,WA,SortingLand,1544,30940
20xx,x,7/24/2010,x,WA,SortingLand,1545,30960
20xx,x,7/24/2010,x,WA,SortingLand,1546,30980
20xx,x,7/24/2010,x,WA,SortingLand,1547,31000
20xx,x,7/24/2010,x,WA,SortingLand,1548,31020
20xx,x,7/24/2010,x,WA,SortingLand,1549,31040
20xx,x,7/24/2010,x,WA,SortingLand,1550,31060
20xx,x,7/24/2010,x,WA,SortingLand,1551,31080
20xx,x,7/24/2010,x,WA,SortingLand,1552,31100
20xx,x,7/24/2010,x,WA,SortingLand,1553,31120
20xx,x,7/24/2010,x,WA,SortingLand,1554,31140
20xx,x,7/24/2010,x,WA,SortingLand,1555,31160
20xx,x,7/24/2010,x,WA,SortingLand,1556,31180
20xx,x,7/24/2010,x,WA,SortingLand,1557,31200
20xx,x,7/24/2010,x,WA,SortingLand,1558,31220
20xx,x,7/24/2010,x,WA,SortingLand,1559,31240
20xx,x,7/24/2010,x,WA,SortingLand,1560,31260
20xx,x,7/24/2010,x,WA,SortingLand,1561,31280
20xx,x,7/24/2010,x,WA,SortingLand,1562,31300
20xx,x,7/24/2010,x,WA,SortingLand,1563,31320
20xx,x,7/24/2010,x,WA,SortingLand,1564,31340
20xx,x,7/24/2010,x,WA,SortingLand,1565,31360
20xx,x,7/24/2010,x,WA,SortingLand,1566,31380
20xx,x,7/24/2010,x,WA,SortingLand,1567,31400
20xx,x,7/24/2010,x,WA,SortingLand,1568,31420
20xx,x,7/24/2010,x,WA,SortingLand,1569,31440
20xx,x,7/24/2010,x,WA,SortingLand,1570,31460
20xx,x,7/24/2010,x,WA,SortingLand,1571,31480
20xx,x,7/24/2010,x,WA,SortingLand,1572,31500
20xx,x,7/24/2010,x,WA,SortingLand,1573,31520
20xx,x,7/24/2010,x,WA,SortingLand,1574,31540
20xx,x,7/24/2010,x,WA,SortingLand,1575,31560
20xx,x,7/24/2010,x,WA,SortingLand,1576,31580
20xx,x,7/24/2010,x,WA,SortingLand,1577,31600
20xx,x,7/24/2010,x,WA,SortingLand,1578,31620
20xx,x,7/24/2010,x,WA,SortingLand,1579,31640
20xx,x,7/24/2010,x,WA,SortingLand,1580,31660
20xx,x,7/24/2010,x,WA,SortingLand,1581,31680
20xx,x,7/24/2010,x,WA,SortingLand,1582,31700
20xx,x,7/24/2010,x,WA,SortingLand,1583,31720
20xx,x,7/24/2010,x,WA,SortingLand,1584,31740
20xx,x,7/24/2010,x,WA,SortingLand,1585,31760
20xx,x,7/24/2010,x,WA,SortingLand,1586,31780
20xx,x,7/24/2010,x,WA,SortingLand,1587,31800
20xx,x,7/24/2010,x,WA,SortingLand,1588,31820
20xx,x,7/24/2010,x,WA,SortingLand,1589,31840
20xx,x,7/24/2010,x,WA,SortingLand,1590,31860
20xx,x,7/24/2010,x,WA,SortingLand,1591,31880
20xx,x,7/24/2010,x,WA,SortingLand,1592,31900
20xx,x,7/24/2010,x,WA,SortingLand,1593,31920
20xx,x,7/24/2010,x,WA,SortingLand,1594,31940
20xx,x,7/24/2010,x,WA,SortingLand,1595,31960
20xx,x,7/24/2010,x,WA,SortingLand,1596,31980
20xx,x,7/24/2010,x,WA,SortingLand,1597,32000
20xx,x,7/24/2010,x,WA,SortingLand,1598,32020
20xx,x,7/24/2010,x,WA,SortingLand,1599,32040
20xx,x,7/24/2010,x,WA,SortingLand,1600,32060
20xx,x,7/24/2010,x,WA,SortingLand,1601,32080
20xx,x,7/24/2010,x,WA,SortingLand,1602,32100
20xx,x,7/24/2010,x,WA,SortingLand,1603,32120
20xx,x,7/24/2010,x,WA,SortingLand,1604,32140
20xx,x,7/24/2010,x,WA,SortingLand,1605,32160
20xx,x,7/24/2010,x,WA,SortingLand,1606,32180
20xx,x,7/24/2010,x,WA,SortingLand,1607,32200
20xx,x,7/24/2010,x,WA,SortingLand,1608,32220
20xx,x,7/24/2010,x,WA,SortingLand,1609,32240
20xx,x,7/24/2010,x,WA,SortingLand,1610,32260
20xx,x,7/24/2010,x,WA,SortingLand,1611,32280
20xx,x,7/24/2010,x,WA,SortingLand,1612,32300
20xx,x,7/24/2010,x,WA,SortingLand,1613,32320
20xx,x,7/24/2010,x,WA,SortingLand,1614,32340
20xx,x,7/24/2010,x,WA,SortingLand,1615,32360
20xx,x,7/24/2010,x,WA,SortingLand,1616,32380
20xx,x,7/24/2010,x,WA,SortingLand,1617,32400
20xx,x,7/24/2010,x,WA,SortingLand,1618,32420
20xx,x,7/24/2010,x,WA,SortingLand,1619,32440
20xx,x,7/24/2010,x,WA,SortingLand,1620,32460
20xx,x,7/24/2010,x,WA,SortingLand,1621,32480
20xx,x,7/24/2010,x,WA,SortingLand,1622,32500
20xx,x,7/24/2010,x,WA,SortingLand,1623,32520
20xx,x,7/24/2010,x,WA,SortingLand,1624,32540
20xx,x,7/24/2010,x,WA,SortingLand,1625,32560
20xx,x,7/24/2010,x,WA,SortingLand,1626,32580
20xx,x,7/24/2010,x,WA,SortingLand,1627,32600
20xx,x,7/24/2010,x,WA,SortingLand,1628,32620
20xx,x,7/24/2010,x,WA,SortingLand,1629,32640
20xx,x,7/24/2010,x,WA,SortingLand,1630,32660
20xx,x,7/24/2010,x,WA,SortingLand,1631,32680
20xx,x,7/24/2010,x,WA,SortingLand,1632,32700
20xx,x,7/24/2010,x,WA,SortingLand,1633,32720
20xx,x,7/24/2010,x,WA,SortingLand,1634,32740
20xx,x,7/24/2010,x,WA,SortingLand,1635,32760
20xx,x,7/24/2010,x,WA,SortingLand,1636,32780
20xx,x,7/24/2010,x,WA,SortingLand,1637,32800
20xx,x,7/24/2010,x,WA,SortingLand,1638,32820
20xx,x,7/24/2010,x,WA,SortingLand,1639,32840
20xx,x,7/24/2010,x,WA,SortingLand,1640,32860
20xx,x,7/24/2010,x,WA,SortingLand,1641,32880
20xx,x,7/24/2010,x,WA,SortingLand,1642,32900
20xx,x,7/24/2010,x,WA,SortingLand,1643,32920
20xx,x,7/24/2010,x,WA,SortingLand,1644,32940
20xx,x,7/24/2010,x,WA,SortingLand,1645,32960
20xx,x,7/24/2010,x,WA,SortingLand,1646,32980
20xx,x,7/24/2010,x,WA,SortingLand,1647,33000
20xx,x,7/24/2010,x,WA,SortingLand,1648,33020
20xx,x,7/24/2010,x,WA,SortingLand,1649,33040
20xx,x,7/24/2010,x,WA,SortingLand,1650,33060
20xx,x,7/24/2010,x,WA,SortingLand,1651,33080
20xx,x,7/24/2010,x,WA,SortingLand,1652,33100
20xx,x,7/24/2010,x,WA,SortingLand,1653,33120
20xx,x,7/24/2010,x,WA,SortingLand,1654,33140
20xx,x,7/24/2010,x,WA,SortingLand,1655,33160
20xx,x,7/24/2010,x,WA,SortingLand,1656,33180
20xx,x,7/24/2010,x,WA,SortingLand,1657,33200
20xx,x,7/24/2010,x,WA,SortingLand,1658,33220
20xx,x,7/24/2010,x,WA,SortingLand,1659,33240
20xx,x,7/24/2010,x,WA,SortingLand,1660,33260
20xx,x,7/24/2010,x,WA,SortingLand,1661,33280
20xx,x,7/24/2010,x,WA,SortingLand,1662,33300
20xx,x,7/24/2010,x,WA,SortingLand,1663,33320
20xx,x,7/24/2010,x,WA,SortingLand,1664,33340
20xx,x,7/24/2010,x,WA,SortingLand,1665,33360
20xx,x,7/24/2010,x,WA,SortingLand,1666,33380
20xx,x,7/24/2010,x,WA,SortingLand,1667,33400
20xx,x,7/24/2010,x,WA,SortingLand,1668,33420
20xx,x,7/24/2010,x,WA,SortingLand,1669,33440
20xx,x,7/24/2010,x,WA,SortingLand,1670,33460
20xx,x,7/24/2010,x,WA,SortingLand,1671,33480
20xx,x,7/24/2010,x,WA,SortingLand,1672,33500
20xx,x,7/24/2010,x,WA,SortingLand,1673,33520
20xx,x,7/24/2010,x,WA,SortingLand,1674,33540
20xx,x,7/24/2010,x,WA,SortingLand,1675,33560
20xx,x,7/24/2010,x,WA,SortingLand,1676,33580
20xx,x,7/24/2010,x,WA,SortingLand,1677,33600
20xx,x,7/24/2010,x,WA,SortingLand,1678,33620
20xx,x,7/24/2010,x,WA,SortingLand,1679,33640
20xx,x,7/24/2010,x,WA,SortingLand,1680,33660
20xx,x,7/24/2010,x,WA,SortingLand,1681,33680
20xx,x,7/24/2010,x,WA,SortingLand,1682,33700
20xx,x,7/24/2010,x,WA,SortingLand,1683,33720
20xx,x,7/24/2010,x,WA,SortingLand,1684,33740
20xx,x,7/24/2010,x,WA,SortingLand,1685,33760
20xx,x,7/24/2010,x,WA,SortingLand,1686,33780
20xx,x,7/24/2010,x,WA,SortingLand,1687,33800
20xx,x,7/24/2010,x,WA,SortingLand,1688,33820
20xx,x,7/24/2010,x,WA,SortingLand,1689,33840
20xx,x,7/24/2010,x,WA,SortingLand,1690,33860
20xx,x,7/24/2010,x,WA,SortingLand,1691,33880
20xx,x,7/24/2010,x,WA,SortingLand,1692,33900
20xx,x,7/24/2010,x,WA,SortingLand,1693,33920
20xx,x,7/24/2010,x,WA,SortingLand,1694,33940
20xx,x,7/24/2010,x,WA,SortingLand,1695,33960
20xx,x,7/24/2010,x,WA,SortingLand,1696,33980
20xx,x,7/24/2010,x,WA,SortingLand,1697,34000
20xx,x,7/24/2010,x,WA,SortingLand,1698,34020
20xx,x,7/24/2010,x,WA,SortingLand,1699,34040
20xx,x,7/24/2010,x,WA,SortingLand,1700,34060
20xx,x,7/24/2010,x,WA,SortingLand,1701,34080
20xx,x,7/24/2010,x,WA,SortingLand,1702,34100
20xx,x,7/24/2010,x,WA,SortingLand,1703,34120
20xx,x,7/24/2010,x,WA,SortingLand,1704,34140
20xx,x,7/24/2010,x,WA,SortingLand,1705,34160
20xx,x,7/24/2010,x,WA,SortingLand,1706,34180
20xx,x,7/24/2010,x,WA,SortingLand,1707,34200
20xx,x,7/24/2010,x,WA,SortingLand,1708,34220
20xx,x,7/24/2010,x,WA,SortingLand,1709,34240
20xx,x,7/24/2010,x,WA,SortingLand,1710,34260
20xx,x,7/24/2010,x,WA,SortingLand,1711,34280
20xx,x,7/24/2010,x,WA,SortingLand,1712,34300
20xx,x,7/24/2010,x,WA,SortingLand,1713,34320
20xx,x,7/24/2010,x,WA,SortingLand,1714,34340
20xx,x,7/24/2010,x,WA,SortingLand,1715,34360
20xx,x,7/24/2010,x,WA,SortingLand,1716,34380
20xx,x,7/24/2010,x,WA,SortingLand,1717,34400
20xx,x,7/24/2010,x,WA,SortingLand,1718,34420
20xx,x,7/24/2010,x,WA,SortingLand,1719,34440
20xx,x,7/24/2010,x,WA,SortingLand,1720,34460
20xx,x,7/24/2010,x,WA,SortingLand,1721,34480
20xx,x,7/24/2010,x,WA,SortingLand,1722,34500
20xx,x,7/24/2010,x,WA,SortingLand,1723,34520
20xx,x,7/24/2010,x,WA,SortingLand,1724,34540
20xx,x,7/24/2010,x,WA,SortingLand,1725,34560
20xx,x,7/24/2010,x,WA,SortingLand,1726,34580
20xx,x,7/24/2010,x,WA,SortingLand,1727,34600
20xx,x,7/24/2010,x,WA,SortingLand,1728,34620
20xx,x,7/24/2010,x,WA,SortingLand,1729,34640
20xx,x,7/24/2010,x,WA,SortingLand,1730,34660
20xx,x,7/24/2010,x,WA,SortingLand,1731,34680
20xx,x,7/24/2010,x,WA,SortingLand,1732,34700
20xx,x,7/24/2010,x,WA,SortingLand,1733,34720
20xx,x,7/24/2010,x,WA,SortingLand,1734,34740
20xx,x,7/24/2010,x,WA,SortingLand,1735,34760
20xx,x,7/24/2010,x,WA,SortingLand,1736,34780
20xx,x,7/24/2010,x,WA,SortingLand,1737,34800
20xx,x,7/24/2010,x,WA,SortingLand,1738,34820
20xx,x,7/24/2010,x,WA,SortingLand,1739,34840
20xx,x,7/24/2010,x,WA,SortingLand,1740,34860
20xx,x,7/24/2010,x,WA,SortingLand,1741,34880
20xx,x,7/24/2010,x,WA,SortingLand,1742,34900
20xx,x,7/24/2010,x,WA,SortingLand,1743,34920
20xx,x,7/24/2010,x,WA,SortingLand,1744,34940
20xx,x,7/24/2010,x,WA,SortingLand,1745,34960
20xx,x,7/24/2010,x,WA,SortingLand,1746,34980
20xx,x,7/24/2010,x,WA,SortingLand,1747,35000
20xx,x,7/24/2010,x,WA,SortingLand,1748,35020
20xx,x,7/24/2010,x,WA,SortingLand,1749,35040
20xx,x,7/24/2010,x,WA,SortingLand,1750,35060
20xx,x,7/24/2010,x,WA,SortingLand,1751,35080
20xx,x,7/24/2010,x,WA,SortingLand,1752,35100
20xx,x,7/24/2010,x,WA,SortingLand,1753,35120
20xx,x,7/24/2010,x,WA,SortingLand,1754,35140
20xx,x,7/24/2010,x,WA,SortingLand,1755,35160
20xx,x,7/24/2010,x,WA,SortingLand,1756,35180
20xx,x,7/24/2010,x,WA,SortingLand,1757,35200
20xx,x,7/24/2010,x,WA,SortingLand,1758,35220
20xx,x,7/24/2010,x,WA,SortingLand,1759,35240
20xx,x,7/24/2010,x,WA,SortingLand,1760,35260
20xx,x,7/24/2010,x,WA,SortingLand,1761,35280
20xx,x,7/24/2010,x,WA,SortingLand,1762,35300
20xx,x,7/24/2010,x,WA,SortingLand,1763,35320
20xx,x,7/24/2010,x,WA,SortingLand,1764,35340
20xx,x,7/24/2010,x,WA,SortingLand,1765,35360
20xx,x,7/24/2010,x,WA,SortingLand,1766,35380
20xx,x,7/24/2010,x,WA,SortingLand,1767,35400
20xx,x,7/24/2010,x,WA,SortingLand,1768,35420
20xx,x,7/24/2010,x,WA,SortingLand,1769,35440
20xx,x,7/24/2010,x,WA,SortingLand,1770,35460
20xx,x,7/24/2010,x,WA,SortingLand,1771,35480
20xx,x,7/24/2010,x,WA,SortingLand,1772,35500
20xx,x,7/24/2010,x,WA,SortingLand,1773,35520
20xx,x,7/24/2010,x,WA,SortingLand,1774,35540
20xx,x,7/24/2010,x,WA,SortingLand,1775,35560
20xx,x,7/24/2010,x,WA,SortingLand,1776,35580
20xx,x,7/24/2010,x,WA,SortingLand,1777,35600
20xx,x,7/24/2010,x,WA,SortingLand,1778,35620
20xx,x,7/24/2010,x,WA,SortingLand,1779,35640
20xx,x,7/24/2010,x,WA,SortingLand,1780,35660
20xx,x,7/24/2010,x,WA,SortingLand,1781,35680
20xx,x,7/24/2010,x,WA,SortingLand,1782,35700
20xx,x,7/24/2010,x,WA,SortingLand,1783,35720
20xx,x,7/24/2010,x,WA,SortingLand,1784,35740
20xx,x,7/24/2010,x,WA,SortingLand,1785,35760
20xx,x,7/24/2010,x,WA,SortingLand,1786,35780
20xx,x,7/24/2010,x,WA,SortingLand,1787,35800
20xx,x,7/24/2010,x,WA,SortingLand,1788,35820
20xx,x,7/24/2010,x,WA,SortingLand,1789,35840
20xx,x,7/24/2010,x,WA,SortingLand,1790,35860
20xx,x,7/24/2010,x,WA,SortingLand,1791,35880
20xx,x,7/24/2010,x,WA,SortingLand,1792,35900
20xx,x,7/24/2010,x,WA,SortingLand,1793,35920
20xx,x,7/24/2010,x,WA,SortingLand,1794,35940
20xx,x,7/24/2010,x,WA,SortingLand,1795,35960
20xx,x,7/24/2010,x,WA,SortingLand,1796,35980
20xx,x,7/24/2010,x,WA,SortingLand,1797,36000
20xx,x,7/24/2010,x,WA,SortingLand,1798,36020
20xx,x,7/24/2010,x,WA,SortingLand,1799,36040
20xx,x,7/24/2010,x,WA,SortingLand,1800,36060
20xx,x,7/24/2010,x,WA,SortingLand,1801,36080
20xx,x,7/24/2010,x,WA,SortingLand,1802,36100
20xx,x,7/24/2010,x,WA,SortingLand,1803,36120
20xx,x,7/24/2010,x,WA,SortingLand,1804,36140
20xx,x,7/24/2010,x,WA,SortingLand,1805,36160
20xx,x,7/24/2010,x,WA,SortingLand,1806,36180
20xx,x,7/24/2010,x,WA,SortingLand,1807,36200
20xx,x,7/24/2010,x,WA,SortingLand,1808,36220
20xx,x,7/24/2010,x,WA,SortingLand,1809,36240
20xx,x,7/24/2010,x,WA,SortingLand,1810,36260
20xx,x,7/24/2010,x,WA,SortingLand,1811,36280
20xx,x,7/24/2010,x,WA,SortingLand,1812,36300
20xx,x,7/24/2010,x,WA,SortingLand,1813,36320
20xx,x,7/24/2010,x,WA,SortingLand,1814,36340
20xx,x,7/24/2010,x,WA,SortingLand,1815,36360
20xx,x,7/24/2010,x,WA,SortingLand,1816,36380
20xx,x,7/24/2010,x,WA,SortingLand,1817,36400
20xx,x,7/24/2010,x,WA,SortingLand,1818,36420
20xx,x,7/24/2010,x,WA,SortingLand,1819,36440
20xx,x,7/24/2010,x,WA,SortingLand,1820,36460
20xx,x,7/24/2010,x,WA,SortingLand,1821,36480
20xx,x,7/24/2010,x,WA,SortingLand,1822,36500
20xx,x,7/24/2010,x,WA,SortingLand,1823,36520
20xx,x,7/24/2010,x,WA,SortingLand,1824,36540
20xx,x,7/24/2010,x,WA,SortingLand,1825,36560
20xx,x,7/24/2010,x,WA,SortingLand,1826,36580
20xx,x,7/24/2010,x,WA,SortingLand,1827,36600
20xx,x,7/24/2010,x,WA,SortingLand,1828,36620
20xx,x,7/24/2010,x,WA,SortingLand,1829,36640
20xx,x,7/24/2010,x,WA,SortingLand,1830,36660
20xx,x,7/24/2010,x,WA,SortingLand,1831,36680
20xx,x,7/24/2010,x,WA,SortingLand,1832,36700
20xx,x,7/24/2010,x,WA,SortingLand,1833,36720
20xx,x,7/24/2010,x,WA,SortingLand,1834,36740
20xx,x,7/24/2010,x,WA,SortingLand,1835,36760
20xx,x,7/24/2010,x,WA,SortingLand,1836,36780
20xx,x,7/24/2010,x,WA,SortingLand,1837,36800
20xx,x,7/24/2010,x,WA,SortingLand,1838,36820
20xx,x,7/24/2010,x,WA,SortingLand,1839,36840
20xx,x,7/24/2010,x,WA,SortingLand,1840,36860
20xx,x,7/24/2010,x,WA,SortingLand,1841,36880
20xx,x,7/24/2010,x,WA,SortingLand,1842,36900
20xx,x,7/24/2010,x,WA,SortingLand,1843,36920
20xx,x,7/24/2010,x,WA,SortingLand,1844,36940
20xx,x,7/24/2010,x,WA,SortingLand,1845,36960
20xx,x,7/24/2010,x,WA,SortingLand,1846,36980
20xx,x,7/24/2010,x,WA,SortingLand,1847,37000
20xx,x,7/24/2010,x,WA,SortingLand,1848,37020
20xx,x,7/24/2010,x,WA,SortingLand,1849,37040
20xx,x,7/24/2010,x,WA,SortingLand,1850,37060
20xx,x,7/24/2010,x,WA,SortingLand,1851,37080
20xx,x,7/24/2010,x,WA,SortingLand,1852,37100
20xx,x,7/24/2010,x,WA,SortingLand,1853,37120
20xx,x,7/24/2010,x,WA,SortingLand,1854,37140
20xx,x,7/24/2010,x,WA,SortingLand,1855,37160
20xx,x,7/24/2010,x,WA,SortingLand,1856,37180
20xx,x,7/24/2010,x,WA,SortingLand,1857,37200
20xx,x,7/24/2010,x,WA,SortingLand,1858,37220
20xx,x,7/24/2010,x,WA,SortingLand,1859,37240
20xx,x,7/24/2010,x,WA,SortingLand,1860,37260
20xx,x,7/24/2010,x,WA,SortingLand,1861,37280
20xx,x,7/24/2010,x,WA,SortingLand,1862,37300
20xx,x,7/24/2010,x,WA,SortingLand,1863,37320
20xx,x,7/24/2010,x,WA,SortingLand,1864,37340
20xx,x,7/24/2010,x,WA,SortingLand,1865,37360
20xx,x,7/24/2010,x,WA,SortingLand,1866,37380
20xx,x,7/24/2010,x,WA,SortingLand,1867,37400
20xx,x,7/24/2010,x,WA,SortingLand,1868,37420
20xx,x,7/24/2010,x,WA,SortingLand,1869,37440
20xx,x,7/24/2010,x,WA,SortingLand,1870,37460
20xx,x,7/24/2010,x,WA,SortingLand,1871,37480
20xx,x,7/24/2010,x,WA,SortingLand,1872,37500
20xx,x,7/24/2010,x,WA,SortingLand,1873,37520
20xx,x,7/24/2010,x,WA,SortingLand,1874,37540
20xx,x,7/24/2010,x,WA,SortingLand,1875,37560
20xx,x,7/24/2010,x,WA,SortingLand,1876,37580
20xx,x,7/24/2010,x,WA,SortingLand,1877,37600
20xx,x,7/24/2010,x,WA,SortingLand,1878,37620
20xx,x,7/24/2010,x,WA,SortingLand,1879,37640
20xx,x,7/24/2010,x,WA,SortingLand,1880,37660
20xx,x,7/24/2010,x,WA,SortingLand,1881,37680
20xx,x,7/24/2010,x,WA,SortingLand,1882,37700
20xx,x,7/24/2010,x,WA,SortingLand,1883,37720
20xx,x,7/24/2010,x,WA,SortingLand,1884,37740
20xx,x,7/24/2010,x,WA,SortingLand,1885,37760
20xx,x,7/24/2010,x,WA,SortingLand,1886,37780
20xx,x,7/24/2010,x,WA,SortingLand,1887,37800
20xx,x,7/24/2010,x,WA,SortingLand,1888,37820
20xx,x,7/24/2010,x,WA,SortingLand,1889,37840
20xx,x,7/24/2010,x,WA,SortingLand,1890,37860
20xx,x,7/24/2010,x,WA,SortingLand,1891,37880
20xx,x,7/24/2010,x,WA,SortingLand,1892,37900
20xx,x,7/24/2010,x,WA,SortingLand,1893,37920
20xx,x,7/24/2010,x,WA,SortingLand,1894,37940
20xx,x,7/24/2010,x,WA,SortingLand,1895,37960
20xx,x,7/24/2010,x,WA,SortingLand,1896,37980
20xx,x,7/24/2010,x,WA,SortingLand,1897,38000
20xx,x,7/24/2010,x,WA,SortingLand,1898,38020
20xx,x,7/24/2010,x,WA,SortingLand,1899,38040
20xx,x,7/24/2010,x,WA,SortingLand,1900,38060
20xx,x,7/24/2010,x,WA,SortingLand,1901,38080
20xx,x,7/24/2010,x,WA,SortingLand,1902,38100
20xx,x,7/24/2010,x,WA,SortingLand,1903,38120
20xx,x,7/24/2010,x,WA,SortingLand,1904,38140
20xx,x,7/24/2010,x,WA,SortingLand,1905,38160
20xx,x,7/24/2010,x,WA,SortingLand,1906,38180
20xx,x,7/24/2010,x,WA,SortingLand,1907,38200
20xx,x,7/24/2010,x,WA,SortingLand,1908,38220
20xx,x,7/24/2010,x,WA,SortingLand,1909,38240
20xx,x,7/24/2010,x,WA,SortingLand,1910,38260
20xx,x,7/24/2010,x,WA,SortingLand,1911,38280
20xx,x,7/24/2010,x,WA,SortingLand,1912,38300
20xx,x,7/24/2010,x,WA,SortingLand,1913,38320
20xx,x,7/24/2010,x,WA,SortingLand,1914,38340
20xx,x,7/24/2010,x,WA,SortingLand,1915,38360
20xx,x,7/24/2010,x,WA,SortingLand,1916,38380
20xx,x,7/24/2010,x,WA,SortingLand,1917,38400
20xx,x,7/24/2010,x,WA,SortingLand,1918,38420
20xx,x,7/24/2010,x,WA,SortingLand,1919,38440
20xx,x,7/24/2010,x,WA,SortingLand,1920,38460
20xx,x,7/24/2010,x,WA,SortingLand,1921,38480
20xx,x,7/24/2010,x,WA,SortingLand,1922,38500
20xx,x,7/24/2010,x,WA,SortingLand,1923,38520
20xx,x,7/24/2010,x,WA,SortingLand,1924,38540
20xx,x,7/24/2010,x,WA,SortingLand,1925,38560
20xx,x,7/24/2010,x,WA,SortingLand,1926,38580
20xx,x,7/24/2010,x,WA,SortingLand,1927,38600
20xx,x,7/24/2010,x,WA,SortingLand,1928,38620
20xx,x,7/24/2010,x,WA,SortingLand,1929,38640
20xx,x,7/24/2010,x,WA,SortingLand,1930,38660
20xx,x,7/24/2010,x,WA,SortingLand,1931,38680
20xx,x,7/24/2010,x,WA,SortingLand,1932,38700
20xx,x,7/24/2010,x,WA,SortingLand,1933,38720
20xx,x,7/24/2010,x,WA,SortingLand,1934,38740
20xx,x,7/24/2010,x,WA,SortingLand,1935,38760
20xx,x,7/24/2010,x,WA,SortingLand,1936,38780
20xx,x,7/24/2010,x,WA,SortingLand,1937,38800
20xx,x,7/24/2010,x,WA,SortingLand,1938,38820
20xx,x,7/24/2010,x,WA,SortingLand,1939,38840
20xx,x,7/24/2010,x,WA,SortingLand,1940,38860
20xx,x,7/24/2010,x,WA,SortingLand,1941,38880
20xx,x,7/24/2010,x,WA,SortingLand,1942,38900
20xx,x,7/24/2010,x,WA,SortingLand,1943,38920
20xx,x,7/24/2010,x,WA,SortingLand,1944,38940
20xx,x,7/24/2010,x,WA,SortingLand,1945,38960
20xx,x,7/24/2010,x,WA,SortingLand,1946,38980
20xx,x,7/24/2010,x,WA,SortingLand,1947,39000
20xx,x,7/24/2010,x,WA,SortingLand,1948,39020
20xx,x,7/24/2010,x,WA,SortingLand,1949,39040
20xx,x,7/24/2010,x,WA,SortingLand,1950,39060
20xx,x,7/24/2010,x,WA,SortingLand,1951,39080
20xx,x,7/24/2010,x,WA,SortingLand,1952,39100
20xx,x,7/24/2010,x,WA,SortingLand,1953,39120
20xx,x,7/24/2010,x,WA,SortingLand,1954,39140
20xx,x,7/24/2010,x,WA,SortingLand,1955,39160
20xx,x,7/24/2010,x,WA,SortingLand,1956,39180
20xx,x,7/24/2010,x,WA,SortingLand,1957,39200
20xx,x,7/24/2010,x,WA,SortingLand,1958,39220
20xx,x,7/24/2010,x,WA,SortingLand,1959,39240
20xx,x,7/24/2010,x,WA,SortingLand,1960,39260
20xx,x,7/24/2010,x,WA,SortingLand,1961,39280
20xx,x,7/24/2010,x,WA,SortingLand,1962,39300
20xx,x,7/24/2010,x,WA,SortingLand,1963,39320
20xx,x,7/24/2010,x,WA,SortingLand,1964,39340
20xx,x,7/24/2010,x,WA,SortingLand,1965,39360
20xx,x,7/24/2010,x,WA,SortingLand,1966,39380
20xx,x,7/24/2010,x,WA,SortingLand,1967,39400
20xx,x,7/24/2010,x,WA,SortingLand,1968,39420
20xx,x,7/24/2010,x,WA,SortingLand,1969,39440
20xx,x,7/24/2010,x,WA,SortingLand,1970,39460
20xx,x,7/24/2010,x,WA,SortingLand,1971,39480
20xx,x,7/24/2010,x,WA,SortingLand,1972,39500
20xx,x,7/24/2010,x,WA,SortingLand,1973,39520
20xx,x,7/24/2010,x,WA,SortingLand,1974,39540
20xx,x,7/24/2010,x,WA,SortingLand,1975,39560
20xx,x,7/24/2010,x,WA,SortingLand,1976,39580
20xx,x,7/24/2010,x,WA,SortingLand,1977,39600
20xx,x,7/24/2010,x,WA,SortingLand,1978,39620
20xx,x,7/24/2010,x,WA,SortingLand,1979,39640
20xx,x,7/24/2010,x,WA,SortingLand,1980,39660
20xx,x,7/24/2010,x,WA,SortingLand,1981,39680
20xx,x,7/24/2010,x,WA,SortingLand,1982,39700
20xx,x,7/24/2010,x,WA,SortingLand,1983,39720
20xx,x,7/24/2010,x,WA,SortingLand,1984,39740
20xx,x,7/24/2010,x,WA,SortingLand,1985,39760
20xx,x,7/24/2010,x,WA,SortingLand,1986,39780
20xx,x,7/24/2010,x,WA,SortingLand,1987,39800
20xx,x,7/24/2010,x,WA,SortingLand,1988,39820
20xx,x,7/24/2010,x,WA,SortingLand,1989,39840
20xx,x,7/24/2010,x,WA,SortingLand,1990,39860
20xx,x,7/24/2010,x,WA,SortingLand,1991,39880
20xx,x,7/24/2010,x,WA,SortingLand,1992,39900
20xx,x,7/24/2010,x,WA,SortingLand,1993,39920
20xx,x,7/24/2010,x,WA,SortingLand,1994,39940
20xx,x,7/24/2010,x,WA,SortingLand,1995,39960
20xx,x,7/24/2010,x,WA,SortingLand,1996,39980
20xx,x,7/24/2010,x,WA,SortingLand,1997,40000
20xx,x,7/24/2010,x,WA,SortingLand,1998,40020
20xx,x,7/24/2010,x,WA,SortingLand,1999,40040
20xx,x,7/24/2010,x,WA,SortingLand,2000,40060
20xx,x,7/24/2010,x,WA,SortingLand,2001,40080
20xx,x,7/24/2010,x,WA,SortingLand,2002,40100
20xx,x,7/24/2010,x,WA,SortingLand,2003,40120
20xx,x,7/24/2010,x,WA,SortingLand,2004,40140
20xx,x,7/24/2010,x,WA,SortingLand,2005,40160
20xx,x,7/24/2010,x,WA,SortingLand,2006,40180
20xx,x,7/24/2010,x,WA,SortingLand,2007,40200
20xx,x,7/24/2010,x,WA,SortingLand,2008,40220
20xx,x,7/24/2010,x,WA,SortingLand,2009,40240
20xx,x,7/24/2010,x,WA,SortingLand,2010,40260
20xx,x,7/24/2010,x,WA,SortingLand,2011,40280
20xx,x,7/24/2010,x,WA,SortingLand,2012,40300
20xx,x,7/24/2010,x,WA,SortingLand,2013,40320
20xx,x,7/24/2010,x,WA,SortingLand,2014,40340
20xx,x,7/24/2010,x,WA,SortingLand,2015,40360
20xx,x,7/24/2010,x,WA,SortingLand,2016,40380
20xx,x,7/24/2010,x,WA,SortingLand,2017,40400
20xx,x,7/24/2010,x,WA,SortingLand,2018,40420
20xx,x,7/24/2010,x,WA,SortingLand,2019,40440
20xx,x,7/24/2010,x,WA,SortingLand,2020,40460
20xx,x,7/24/2010,x,WA,SortingLand,2021,40480
20xx,x,7/24/2010,x,WA,SortingLand,2022,40500
20xx,x,7/24/2010,x,WA,SortingLand,2023,40520
20xx,x,7/24/2010,x,WA,SortingLand,2024,40540
20xx,x,7/24/2010,x,WA,SortingLand,2025,40560
20xx,x,7/24/2010,x,WA,SortingLand,2026,40580
20xx,x,7/24/2010,x,WA,SortingLand,2027,40600
20xx,x,7/24/2010,x,WA,SortingLand,2028,40620
20xx,x,7/24/2010,x,WA,SortingLand,2029,40640
20xx,x,7/24/2010,x,WA,SortingLand,2030,40660
20xx,x,7/24/2010,x,WA,SortingLand,2031,40680
20xx,x,7/24/2010,x,WA,SortingLand,2032,40700
20xx,x,7/24/2010,x,WA,SortingLand,2033,40720
20xx,x,7/24/2010,x,WA,SortingLand,2034,40740
20xx,x,7/24/2010,x,WA,SortingLand,2035,40760
20xx,x,7/24/2010,x,WA,SortingLand,2036,40780
20xx,x,7/24/2010,x,WA,SortingLand,2037,40800
20xx,x,7/24/2010,x,WA,SortingLand,2038,40820
20xx,x,7/24/2010,x,WA,SortingLand,2039,40840
20xx,x,7/24/2010,x,WA,SortingLand,2040,40860
20xx,x,7/24/2010,x,WA,SortingLand,2041,40880
20xx,x,7/24/2010,x,WA,SortingLand,2042,40900
20xx,x,7/24/2010,x,WA,SortingLand,2043,40920
20xx,x,7/24/2010,x,WA,SortingLand,2044,40940
20xx,x,7/24/2010,x,WA,SortingLand,2045,40960
20xx,x,7/24/2010,x,WA,SortingLand,2046,40980
20xx,x,7/24/2010,x,WA,SortingLand,2047,41000
20xx,x,7/24/2010,x,WA,SortingLand,2048,41020
20xx,x,7/24/2010,x,WA,SortingLand,2049,41040
20xx,x,7/24/2010,x,WA,SortingLand,2050,41060
20xx,x,7/24/2010,x,WA,SortingLand,2051,41080
20xx,x,7/24/2010,x,WA,SortingLand,2052,41100
20xx,x,7/24/2010,x,WA,SortingLand,2053,41120
20xx,x,7/24/2010,x,WA,SortingLand,2054,41140
20xx,x,7/24/2010,x,WA,SortingLand,2055,41160
20xx,x,7/24/2010,x,WA,SortingLand,2056,41180
20xx,x,7/24/2010,x,WA,SortingLand,2057,41200
20xx,x,7/24/2010,x,WA,SortingLand,2058,41220
20xx,x,7/24/2010,x,WA,SortingLand,2059,41240
20xx,x,7/24/2010,x,WA,SortingLand,2060,41260
20xx,x,7/24/2010,x,WA,SortingLand,2061,41280
20xx,x,7/24/2010,x,WA,SortingLand,2062,41300
20xx,x,7/24/2010,x,WA,SortingLand,2063,41320
20xx,x,7/24/2010,x,WA,SortingLand,2064,41340
20xx,x,7/24/2010,x,WA,SortingLand,2065,41360
20xx,x,7/24/2010,x,WA,SortingLand,2066,41380
20xx,x,7/24/2010,x,WA,SortingLand,2067,41400
20xx,x,7/24/2010,x,WA,SortingLand,2068,41420
20xx,x,7/24/2010,x,WA,SortingLand,2069,41440
20xx,x,7/24/2010,x,WA,SortingLand,2070,41460
20xx,x,7/24/2010,x,WA,SortingLand,2071,41480
20xx,x,7/24/2010,x,WA,SortingLand,2072,41500
20xx,x,7/24/2010,x,WA,SortingLand,2073,41520
20xx,x,7/24/2010,x,WA,SortingLand,2074,41540
20xx,x,7/24/2010,x,WA,SortingLand,2075,41560
20xx,x,7/24/2010,x,WA,SortingLand,2076,41580
20xx,x,7/24/2010,x,WA,SortingLand,2077,41600
20xx,x,7/24/2010,x,WA,SortingLand,2078,41620
20xx,x,7/24/2010,x,WA,SortingLand,2079,41640
20xx,x,7/24/2010,x,WA,SortingLand,2080,41660
20xx,x,7/24/2010,x,WA,SortingLand,2081,41680
20xx,x,7/24/2010,x,WA,SortingLand,2082,41700
20xx,x,7/24/2010,x,WA,SortingLand,2083,41720
20xx,x,7/24/2010,x,WA,SortingLand,2084,41740
20xx,x,7/24/2010,x,WA,SortingLand,2085,41760
20xx,x,7/24/2010,x,WA,SortingLand,2086,41780
20xx,x,7/24/2010,x,WA,SortingLand,2087,41800
